query_id	doc_id	doc_score
1	1026	0.06436485527693371
2	1024	0.037228445084354904
3	1	0.02067226673328677
4	1	0.0523073451971365
5	1	0.06007319580892065
6	1	0.05047590699493
7	1	0.06948745705378188
8	1	0.05909920534525272
9	1	0.029396716536115242
10	1024	0.02715343281929305
11	1	0.0182979827215954
12	1	0.044419028628316856
13	1024	0.03454562368956862
14	2	0.10298516623281058
15	1024	0.09348290681808427
16	1	0.04604235476474681
17	1	0.08339652713129161
18	1	0.15878671789898335
19	1	0.054180274744521854
20	1	0.06398486815096138
21	1024	0.02591426006542264
22	2	0.0399656330711382
23	1	0.03734971712620347
24	1024	0.09519499376398491
25	1	0.01819618638979676
26	1	0.0
27	1	0.10214810444413308
28	1	0.15815112729269482
29	1	0.05507525606904011
30	1	0.043598460257856325
31	1	0.014105634881964361
32	1	0.015103171682298437
33	1	0.022692534918406632
34	1	0.08344335230745686
35	2	0.04570286943487137
36	1	0.027038628270333404
37	1	0.05893071422870627
38	2	0.06653424693804671
39	2	0.0419261023634285
40	2	0.03519572929634887
41	1	0.050316374039173474
42	1	0.012927736382817029
43	1	0.0
44	1	0.016418131580845746
45	1	0.03902037171500414
46	1	0.020751579848959405
47	2	0.20500952401351047
48	513	0.030253926503827945
49	1	0.03782553067534089
50	1	0.012384417623688996
51	1	0.010459331898351736
52	1	0.013512866523890913
53	1	0.013134261040833636
54	1	0.01427383519393731
55	1	0.021918519607708
56	1	0.021667683622789983
57	1	0.0
58	1	0.015790489355050657
59	1	0.0
60	1	0.045821874047364985
61	2	0.029197713124044043
62	1	0.01982842167839287
63	3	0.02771114026721257
64	5	0.03537117363028825
65	1	0.0
66	1	0.04571503427977869
67	1	0.02837669727293889
68	1024	0.03589734189970499
69	2	0.04415981507284572
70	2	0.07399574930590609
71	1	0.06836168275278194
72	1	0.0
73	1	0.029668584389939565
74	1	0.05499872898889678
75	1	0.04063568171383692
76	2	0.07062694110854738
77	1	0.05234212028913341
78	1024	0.01927361756150409
79	1	0.08252531953444739
80	1	0.024475391779822317
81	2	0.03373646245191675
82	1	0.13667055504191689
83	1	0.01684892336627977
84	1	0.03162835511432104
85	1	0.0
86	1	0.020656233010831842
87	1	0.01562273436960833
88	7	0.059849415418415826
89	1	0.08895818354484428
90	2	0.09175194064172293
91	1	0.015511475709906556
92	1	0.01986691442275258
93	1	0.02574734467464658
94	1	0.035485023714200856
95	1	0.053600254001560946
96	1	0.15833261255017328
97	1024	0.027186229577161426
98	1	0.026530544588676756
99	1025	0.01171305141641553
100	1	0.014334416530966678
101	1	0.12988267771985557
102	1024	0.12269054936945305
103	1024	0.03290080733750511
104	1	0.021400726712575615
105	1024	0.06399314819357206
106	1	0.0436343671093322
107	1	0.03618438652044818
108	1024	0.0840453419391287
109	1	0.05045943075748838
110	1	0.05638824565129193
111	1	0.012835604151758499
112	1	0.03738609357018106
113	1	0.03344759574721347
114	1	0.036426136941897364
115	1	0.040318210954784675
116	1	0.10464467676743805
117	1	0.025528161795308976
118	1	0.11595442111064849
119	1	0.007475790889565629
120	1	0.028687479197022105
121	1024	0.11507830175607217
122	1	0.11272823262243215
123	1	0.018547044194989742
124	1	0.08079115146928931
125	1	0.028826482489570125
126	2	0.04876457109359486
127	2	0.05368852877368445
128	2	0.0357862994231338
129	1	0.0
130	1	0.022146898407116308
131	1	0.06097681172903173
132	1024	0.19247798309833453
133	1024	0.1951343584404601
134	1	0.05830652156059798
135	1	0.05175826314028653
136	1	0.01090808480162706
137	1	0.02327682215869424
138	1	0.033783228072875
139	1	0.07100026833364032
140	1024	0.03731734891223048
141	1025	0.04112123813354563
142	3	0.012359355039076913
143	3	0.031227025107669414
144	1	0.01418103396626641
145	1	0.03801102811088644
146	1	0.014905704277332876
147	1024	0.01413993222335423
148	1	0.01930160072190745
149	1024	0.1192424246236899
150	7	0.052674953211074044
151	1	0.07222996407150052
152	1	0.09907204761549764
153	1024	0.027107157570939885
154	1	0.04209123021652549
155	1028	0.08992997654265063
156	1024	0.05870935707769977
157	1	0.13230358382230223
158	1024	0.04119885513545839
159	1	0.0228389424640441
160	1	0.010332751080521528
161	1	0.02942123350252546
162	2	0.07694804431656604
163	1	0.06802241024681657
164	1024	0.019499071692921238
165	2	0.07028373177789554
166	1	0.04958115921925063
167	2	0.025931987987589326
168	1	0.01680605694025243
169	1	0.039634345506578794
170	1	0.022088496914955368
171	4	0.046254080798911176
172	1	0.022274128131958094
173	3	0.02903107126254992
174	2	0.06126631309745015
175	1	0.0
176	2	0.0147749314607019
177	1024	0.06792917277204755
178	1024	0.042144015831710936
179	1	0.04861060555576525
180	518	0.0404241577801134
181	1	0.03733316098312351
182	1	0.008304065345679871
183	2	0.01559334627894839
184	515	0.10505402132413724
185	1	0.08126181987366879
186	1	0.014040032067845125
187	1	0.051061588925742134
188	1024	0.024365739672649905
189	5	0.03075389062686328
190	2	0.01808893590827393
191	2	0.046661259800751954
192	1024	0.04129690997426588
193	1	0.030477622252527193
194	1	0.03315136626157398
195	1	0.04093931211495218
196	1	0.05683227945279337
197	6	0.03248490635108037
198	1	0.06320820025119793
199	1024	0.10962799736875412
200	1	0.012550344048111898
201	2	0.0623634522691471
202	1	0.03693971545219464
203	1	0.10374922923001093
204	1	0.03855549080348583
205	1	0.05293511410650717
206	1	0.019792434978531157
207	1	0.022736803096311414
208	1	0.06266089819381426
209	1	0.0
210	1	0.011325963095580708
211	2	0.028091834369476994
212	1	0.013873843537860437
213	1	0.015047226525628338
214	4	0.045959552456441954
215	1	0.0
216	1	0.03145073796605858
217	1	0.035827718155682614
218	2	0.09365872292488801
219	1	0.029419160207894125
220	1	0.019995035966983227
221	1	0.026609075533922125
222	1024	0.04167672677148599
223	1024	0.031228603088327995
224	1	0.0
225	1	0.022547111839541428
