query_id	doc_id	doc_score
1	51	0.24807
2	12	0.35819
2	51	0.24721
2	746	0.21426
3	485	0.40221
3	5	0.36273
3	399	0.30027
3	144	0.26381
3	181	0.24120
3	90	0.22344
3	91	0.20596
5	103	0.23850
5	1032	0.22518
7	492	0.49825
8	492	0.30558
8	122	0.22092
9	21	0.28146
9	45	0.24373
9	102	0.22001
9	1215	0.20781
9	22	0.20600
9	306	0.20210
10	302	0.23468
10	405	0.23395
10	949	0.20436
10	524	0.20227
11	495	0.34579
13	496	0.26154
14	170	0.22147
14	256	0.21862
14	335	0.20815
14	291	0.20564
14	439	0.20515
15	462	0.21917
16	498	0.29467
16	106	0.26726
17	106	0.31024
17	336	0.26604
17	1108	0.22922
17	700	0.22113
17	1281	0.20489
17	326	0.20435
18	492	0.36511
18	498	0.33268
18	197	0.30887
18	248	0.29470
18	234	0.27091
18	69	0.26843
18	1352	0.26709
18	360	0.25919
18	106	0.25775
18	231	0.25341
18	1231	0.24947
18	232	0.24630
18	124	0.24494
18	122	0.24218
18	56	0.23827
18	354	0.23763
18	1114	0.23695
18	801	0.23511
18	927	0.23193
18	1005	0.22975
18	1192	0.22973
18	154	0.22965
18	1262	0.22937
18	1006	0.22748
18	1304	0.22590
18	1259	0.22180
18	19	0.21751
18	1350	0.21646
18	196	0.21491
18	1104	0.21447
18	421	0.21420
18	225	0.21358
18	988	0.20832
20	500	0.21661
21	502	0.47600
21	68	0.23355
23	892	0.23856
24	756	0.25864
24	46	0.21773
25	215	0.24439
25	277	0.20571
25	214	0.20182
26	382	0.43605
26	307	0.33305
26	145	0.32536
26	568	0.31239
26	611	0.30796
26	96	0.29540
26	4	0.29494
26	305	0.28776
26	629	0.27453
26	547	0.26556
26	1278	0.24965
26	348	0.24374
26	1355	0.24348
26	346	0.24120
26	525	0.24088
26	306	0.23663
26	180	0.23412
26	664	0.23091
26	21	0.22871
26	1200	0.22661
26	732	0.22520
26	610	0.22176
26	412	0.21887
26	3	0.21770
26	135	0.21513
26	148	0.21030
26	1325	0.20765
26	393	0.20759
26	1076	0.20715
26	562	0.20603
26	389	0.20558
26	310	0.20431
26	326	0.20226
27	512	0.22103
27	1031	0.20530
27	1176	0.20051
28	1176	0.27900
28	920	0.24555
28	762	0.23143
28	367	0.23102
28	674	0.22800
28	1048	0.22789
28	384	0.22489
28	1131	0.21862
28	680	0.21624
28	246	0.21604
28	698	0.21485
28	1051	0.21483
28	1012	0.21330
28	1027	0.21256
28	451	0.21062
28	921	0.20968
28	227	0.20955
28	752	0.20689
28	1266	0.20278
28	683	0.20077
29	465	0.38356
29	250	0.36177
29	420	0.33270
29	612	0.32908
29	900	0.32707
29	513	0.31286
29	601	0.24850
29	464	0.24642
29	147	0.23769
29	514	0.23544
29	222	0.23074
29	683	0.22414
29	901	0.22414
29	200	0.21497
31	751	0.26011
32	752	0.40838
33	516	0.39091
33	141	0.32994
33	431	0.27950
33	598	0.24856
33	594	0.21503
34	516	0.24741
34	795	0.24373
34	1153	0.23502
34	431	0.22357
34	1243	0.20947
34	280	0.20922
37	1311	0.30401
37	186	0.29890
37	126	0.26574
37	283	0.26315
37	242	0.26174
37	1352	0.25405
37	409	0.25344
37	952	0.24515
37	38	0.24111
37	492	0.23478
37	234	0.22987
37	606	0.22566
37	950	0.22350
37	522	0.22159
37	295	0.21966
37	1199	0.21961
37	979	0.21856
37	1229	0.21760
37	482	0.21534
37	1306	0.21481
37	294	0.21446
37	311	0.21190
37	69	0.21175
37	461	0.20622
37	1231	0.20460
37	497	0.20356
37	1116	0.20333
37	365	0.20322
38	536	0.21277
40	536	0.20519
41	289	0.33160
41	1152	0.27914
41	433	0.23377
41	229	0.20691
41	520	0.20377
42	521	0.33362
42	526	0.25845
42	440	0.25452
42	469	0.21174
42	496	0.20664
43	469	0.21506
43	194	0.20133
45	305	0.33686
45	525	0.32675
45	540	0.30905
45	1200	0.23044
45	310	0.22968
45	37	0.22524
45	625	0.22515
45	1253	0.22202
45	84	0.21966
45	573	0.21435
45	353	0.21058
45	1299	0.20803
45	570	0.20576
45	1311	0.20094
46	525	0.30747
46	353	0.30194
46	1185	0.27336
46	481	0.26852
46	305	0.26731
46	655	0.25982
46	84	0.25886
46	333	0.25866
46	983	0.25571
46	123	0.25543
46	303	0.24147
46	260	0.23931
46	553	0.23755
46	623	0.23625
46	670	0.23014
46	274	0.22876
46	37	0.22733
46	540	0.22705
46	1241	0.22659
46	120	0.21829
46	355	0.21804
46	645	0.21292
46	1366	0.21114
46	509	0.21054
46	1159	0.20391
46	1395	0.20164
47	568	0.33464
47	525	0.30869
47	570	0.30546
47	1200	0.29254
47	305	0.28831
47	327	0.28328
47	310	0.25868
47	304	0.25400
47	308	0.24954
47	309	0.23148
47	180	0.22893
47	25	0.21246
47	573	0.20724
47	2	0.20501
47	663	0.20417
48	526	0.32834
48	440	0.21228
49	320	0.37127
49	527	0.34992
49	321	0.32276
49	322	0.30213
49	349	0.23756
49	476	0.20460
50	326	0.24422
51	326	0.32782
51	494	0.21176
51	528	0.20851
53	208	0.34818
53	437	0.25990
53	1221	0.24538
53	298	0.22171
53	407	0.20654
53	1253	0.20206
54	123	0.33277
54	84	0.28562
54	666	0.25878
54	979	0.25870
54	1307	0.25517
54	1213	0.24080
54	553	0.22699
54	525	0.22646
54	211	0.20947
54	784	0.20789
54	274	0.20599
54	303	0.20597
54	1300	0.20597
54	1185	0.20291
54	555	0.20261
54	623	0.20236
54	789	0.20212
55	376	0.25371
55	17	0.22281
55	251	0.22276
55	460	0.21466
56	753	0.25957
58	963	0.22115
60	320	0.41618
60	322	0.35516
60	527	0.35500
60	321	0.31794
60	107	0.21430
60	476	0.21088
61	539	0.27233
61	564	0.23845
61	333	0.23652
61	566	0.23206
62	483	0.27533
62	459	0.24879
62	533	0.23121
62	1383	0.22760
62	785	0.22447
62	788	0.21840
62	381	0.21389
62	452	0.20586
62	105	0.20499
63	1045	0.23184
65	3	0.51509
65	388	0.43334
65	393	0.37460
65	180	0.35627
65	664	0.34619
65	4	0.31295
65	1237	0.28044
65	1276	0.27816
65	1106	0.27608
65	1355	0.27426
65	569	0.27060
65	389	0.26591
65	525	0.26040
65	1200	0.24807
65	305	0.24231
65	629	0.23989
65	145	0.23820
65	382	0.23662
65	655	0.23362
65	22	0.23339
65	310	0.23134
65	400	0.22595
65	412	0.22313
65	1107	0.22032
65	348	0.21932
65	306	0.21732
65	2	0.21505
65	1370	0.21502
65	1400	0.21341
65	308	0.21307
65	611	0.21017
65	135	0.20914
65	1386	0.20837
65	1397	0.20752
65	133	0.20721
65	1311	0.20624
65	406	0.20618
65	155	0.20510
65	21	0.20424
65	1371	0.20382
65	636	0.20302
65	663	0.20214
66	128	0.29013
67	3	0.36596
67	393	0.36328
67	180	0.34550
67	664	0.31637
67	4	0.30349
67	389	0.25787
67	412	0.24882
67	306	0.23849
67	1397	0.23682
67	629	0.23264
67	388	0.22978
67	382	0.22947
67	1106	0.22022
67	1107	0.21967
67	400	0.21913
67	944	0.21883
67	419	0.21709
67	155	0.21604
67	116	0.21477
67	784	0.21094
67	72	0.20953
67	2	0.20855
67	1400	0.20696
67	611	0.20382
67	977	0.20345
67	568	0.20310
67	1237	0.20308
67	135	0.20282
67	22	0.20159
67	23	0.20031
68	628	0.27747
69	264	0.23270
69	128	0.21994
69	393	0.20665
70	180	0.38989
70	320	0.33326
70	540	0.31589
70	264	0.29390
70	871	0.28469
70	62	0.27870
70	327	0.27677
70	527	0.27431
70	104	0.26951
70	1149	0.26819
70	1185	0.24528
70	305	0.24362
70	1236	0.24053
70	300	0.23955
70	1055	0.23732
70	4	0.23554
70	393	0.23216
70	349	0.22834
70	1200	0.22557
70	629	0.22363
70	365	0.22269
70	192	0.22129
70	435	0.22035
70	1311	0.21844
70	375	0.21731
70	1260	0.21502
70	937	0.21282
70	475	0.21233
70	449	0.21187
70	1053	0.21170
70	335	0.21049
70	23	0.21048
70	309	0.20963
70	292	0.20925
70	479	0.20883
70	3	0.20649
70	565	0.20487
70	562	0.20329
70	111	0.20305
70	397	0.20291
70	457	0.20154
71	1299	0.31771
71	540	0.30415
71	573	0.29259
71	305	0.29175
71	570	0.28882
71	1253	0.27634
71	323	0.25809
71	1200	0.24107
71	310	0.24034
71	26	0.23660
71	308	0.23388
71	63	0.22874
71	1076	0.22071
71	494	0.21628
71	537	0.20784
71	124	0.20575
71	192	0.20508
71	568	0.20461
71	327	0.20273
71	670	0.20211
71	304	0.20199
71	25	0.20107
72	670	0.22438
72	10	0.20736
72	630	0.20220
73	332	0.26308
73	541	0.20430
74	625	0.20559
76	630	0.22067
76	666	0.20106
77	1264	0.28691
77	667	0.23261
77	1395	0.22670
77	170	0.22365
77	630	0.21824
77	668	0.21005
77	670	0.20934
78	589	0.21392
79	544	0.29054
79	567	0.23246
79	748	0.22800
79	755	0.22317
79	19	0.21905
79	708	0.21626
79	1272	0.21240
79	203	0.21019
79	199	0.21017
79	516	0.20807
79	56	0.20773
79	413	0.20599
79	597	0.20198
79	670	0.20152
80	544	0.26111
81	799	0.20924
82	678	0.26815
82	676	0.23636
82	1334	0.22004
84	294	0.26428
84	522	0.26390
84	873	0.24815
84	378	0.24730
84	21	0.24705
84	555	0.22350
84	554	0.22100
84	546	0.21710
84	17	0.20687
84	398	0.20620
84	337	0.20495
84	142	0.20381
85	710	0.21867
85	184	0.20289
86	755	0.39863
86	594	0.36175
86	790	0.23107
86	1155	0.20089
87	547	0.25246
87	1267	0.21011
88	548	0.34619
88	613	0.33072
88	617	0.31991
88	615	0.31601
88	616	0.29660
88	622	0.27498
88	614	0.25254
88	619	0.23004
88	618	0.22406
88	621	0.20995
89	879	0.27495
89	1338	0.24239
89	1290	0.20343
90	265	0.28554
90	1187	0.20443
91	795	0.20993
92	810	0.20223
93	635	0.42287
94	559	0.43581
94	983	0.42457
94	438	0.38971
94	1161	0.38353
94	1393	0.37731
94	1394	0.35247
94	84	0.34672
94	283	0.34586
94	1104	0.33788
94	524	0.32255
94	1348	0.31990
94	142	0.31657
94	553	0.28895
94	366	0.28785
94	1099	0.28728
94	24	0.28173
94	101	0.27922
94	1213	0.27568
94	323	0.27113
94	555	0.26922
94	295	0.26885
94	537	0.26709
94	365	0.25694
94	655	0.25210
94	123	0.25033
94	1159	0.24772
94	662	0.24518
94	668	0.24437
94	303	0.24318
94	1002	0.24149
94	36	0.23964
94	35	0.23910
94	509	0.23536
94	1395	0.23021
94	398	0.22526
94	571	0.22363
94	1307	0.22105
94	666	0.22049
94	1065	0.21851
94	689	0.21847
94	294	0.21755
94	329	0.21662
94	437	0.21490
94	273	0.21406
94	269	0.21381
94	1040	0.21284
94	564	0.21230
94	572	0.21138
94	332	0.20950
94	1318	0.20916
94	1344	0.20428
95	553	0.25571
95	1002	0.21695
95	662	0.20388
96	637	0.35419
96	698	0.30324
96	680	0.23704
96	779	0.22540
96	803	0.22315
96	700	0.22114
96	465	0.21973
96	705	0.21396
96	699	0.20967
96	247	0.20528
97	1331	0.28213
98	638	0.25566
99	639	0.35917
99	715	0.23511
100	760	0.39156
100	1122	0.37865
100	1126	0.37342
100	885	0.36786
100	897	0.35712
100	822	0.35523
100	1172	0.34448
100	1171	0.33880
100	743	0.31978
100	1067	0.31563
100	740	0.31332
100	741	0.31233
100	1051	0.30444
100	739	0.30345
100	769	0.30278
100	1118	0.29515
100	1013	0.29044
100	1068	0.28710
100	887	0.27462
100	1131	0.26976
100	953	0.26560
100	1070	0.26313
100	1123	0.25920
100	1017	0.25777
100	1069	0.25260
100	935	0.24826
100	928	0.24536
100	1145	0.23987
100	831	0.23951
100	951	0.23402
100	890	0.22315
100	1132	0.22245
100	1173	0.22048
100	848	0.21924
100	956	0.21880
100	886	0.21786
100	1117	0.21710
100	1119	0.21143
100	1037	0.21082
100	853	0.20964
100	824	0.20699
100	742	0.20227
100	1071	0.20031
100	930	0.20002
101	819	0.30731
101	817	0.29804
101	818	0.27123
101	823	0.26553
101	760	0.25744
101	820	0.22326
101	1119	0.21542
102	910	0.24282
103	761	0.31005
103	1048	0.20469
104	762	0.21574
105	848	0.38545
105	764	0.35547
105	847	0.22183
106	847	0.26953
106	953	0.24450
106	764	0.23152
106	1036	0.22704
106	848	0.22383
107	640	0.27621
107	725	0.22428
107	909	0.21571
107	883	0.21517
108	75	0.37470
108	884	0.32914
108	724	0.32887
108	726	0.25539
108	883	0.25425
108	720	0.24525
108	727	0.23733
108	768	0.22094
108	909	0.21463
108	640	0.20685
109	31	0.30870
109	1008	0.29047
109	391	0.28447
109	5	0.28308
109	627	0.25109
109	711	0.24138
109	859	0.23085
109	51	0.22810
109	864	0.21442
109	886	0.20803
110	862	0.28926
110	15	0.24736
110	1398	0.23213
110	642	0.22023
110	412	0.21630
110	1387	0.21523
110	1023	0.21479
110	1177	0.21401
110	1117	0.21096
110	735	0.20964
110	1131	0.20278
110	1015	0.20184
111	894	0.27849
111	1008	0.23596
111	392	0.23034
111	864	0.22150
111	1131	0.21669
111	627	0.20690
111	857	0.20209
111	856	0.20086
112	641	0.48966
112	730	0.28661
112	735	0.27967
112	1045	0.25097
112	736	0.24515
112	734	0.23953
112	422	0.21855
112	648	0.20898
112	647	0.20867
112	840	0.20221
113	265	0.20942
113	708	0.20497
113	704	0.20228
114	895	0.23986
118	229	0.24104
118	803	0.23629
118	923	0.22571
118	520	0.22280
118	246	0.20703
120	769	0.40193
120	887	0.30188
120	890	0.24312
120	1146	0.23011
120	886	0.22763
120	885	0.20038
120	1116	0.20024
121	1146	0.31552
121	769	0.27736
121	888	0.26310
121	887	0.25731
121	1017	0.22640
121	890	0.21139
121	31	0.20085
122	898	0.46431
122	1070	0.31567
122	931	0.30906
122	938	0.27277
122	935	0.27065
122	930	0.23235
122	841	0.22262
122	1171	0.21483
122	743	0.21121
122	934	0.20175
122	1172	0.20075
122	957	0.20037
123	941	0.22247
124	941	0.29384
124	898	0.26672
124	938	0.21082
124	516	0.20798
124	1070	0.20661
126	1288	0.25944
126	1326	0.25345
126	974	0.21805
127	5	0.30595
127	6	0.27323
127	981	0.20829
127	869	0.20423
127	582	0.20140
128	945	0.29364
128	745	0.23231
128	1063	0.22007
129	945	0.28770
129	988	0.22287
130	948	0.30284
130	859	0.27474
130	5	0.20364
131	950	0.45264
131	1021	0.41186
131	1023	0.36359
131	1022	0.30977
131	1012	0.29335
131	1026	0.28246
131	1025	0.28185
131	952	0.25518
131	1017	0.24686
131	1028	0.22500
131	955	0.22111
131	1019	0.21774
131	1034	0.21725
131	1014	0.21714
131	1015	0.21520
131	1024	0.21045
131	1018	0.20679
131	951	0.20667
131	1029	0.20052
132	1021	0.35961
132	1026	0.34820
132	1017	0.33037
132	1023	0.31953
132	1014	0.30099
132	1029	0.28333
132	1013	0.26448
132	951	0.25544
132	1025	0.25500
132	1030	0.25253
132	1052	0.25128
132	1015	0.24329
132	1018	0.24072
132	950	0.23766
132	1012	0.23274
132	1022	0.23145
132	1027	0.22602
132	761	0.22486
132	952	0.22357
132	871	0.22169
132	1028	0.20912
133	1026	0.35301
133	1023	0.32394
133	1014	0.30514
133	951	0.30069
133	1029	0.28724
133	1021	0.28011
133	1017	0.27072
133	1013	0.26813
133	1030	0.25601
133	1015	0.24665
133	1018	0.24404
133	1016	0.24375
133	1028	0.24245
133	950	0.23958
133	1012	0.23595
133	1022	0.23464
133	1027	0.22913
133	871	0.22475
133	1025	0.22255
133	1019	0.21871
133	1052	0.21001
134	951	0.26770
134	1028	0.21511
134	1012	0.20899
134	866	0.20445
135	1026	0.46486
135	1023	0.41519
135	1029	0.39942
135	1014	0.39095
135	1017	0.38925
135	951	0.36642
135	1021	0.35887
135	1016	0.34742
135	1030	0.33771
135	1013	0.33551
135	1012	0.32048
135	1018	0.31983
135	1015	0.31386
135	950	0.31303
135	1022	0.29732
135	1025	0.28664
135	1024	0.28458
135	1019	0.28406
135	1028	0.27912
135	1020	0.27821
135	1027	0.27691
135	1031	0.26411
135	1120	0.23973
135	1035	0.20794
135	871	0.20750
136	1021	0.27243
136	951	0.23740
136	1026	0.22160
136	1014	0.20839
136	1023	0.20335
136	1031	0.20049
137	952	0.37593
137	1023	0.24958
137	1026	0.24700
137	955	0.20567
138	953	0.46640
138	847	0.39054
138	897	0.33683
138	841	0.33396
138	848	0.32255
138	764	0.31628
138	887	0.29444
138	846	0.28728
138	844	0.27999
138	854	0.27208
138	769	0.26545
138	1068	0.26237
138	1123	0.25627
138	1038	0.25238
138	1172	0.23978
138	740	0.23445
138	885	0.22696
138	926	0.22257
138	765	0.21824
138	741	0.21516
138	1034	0.21336
138	1171	0.21179
138	1173	0.21107
138	890	0.20971
138	851	0.20963
138	742	0.20866
138	853	0.20803
138	760	0.20558
138	910	0.20532
139	847	0.34995
139	953	0.33514
139	897	0.32868
139	848	0.29245
139	1038	0.28076
139	764	0.27365
139	844	0.26888
139	846	0.26448
139	853	0.26154
139	887	0.25928
139	955	0.25362
139	826	0.25226
139	841	0.23018
139	769	0.21827
139	1172	0.21699
139	743	0.21107
139	1068	0.21070
139	1034	0.20757
139	760	0.20692
139	1132	0.20636
139	926	0.20560
139	1171	0.20326
140	954	0.33945
140	1038	0.23446
140	890	0.22265
141	1038	0.20534
142	954	0.23339
143	930	0.29241
143	1043	0.28787
143	953	0.26647
143	1171	0.25179
143	1044	0.22315
143	1174	0.20776
143	1070	0.20522
143	1129	0.20520
143	1071	0.20410
143	885	0.20006
144	1045	0.24335
144	955	0.22694
145	1045	0.31125
145	1126	0.24419
145	641	0.21187
146	1045	0.41702
146	955	0.30557
146	840	0.23153
146	854	0.21907
147	956	0.40358
147	1049	0.27951
147	1050	0.27554
147	1069	0.22075
147	1358	0.21380
148	1048	0.39522
148	1050	0.36102
148	956	0.34943
148	1126	0.34714
148	761	0.24935
148	642	0.23071
148	823	0.21250
148	1127	0.21025
148	1021	0.20671
148	1044	0.20374
148	951	0.20148
149	930	0.26315
149	1070	0.23569
149	1058	0.21803
149	931	0.20087
150	1062	0.35149
150	1074	0.32088
150	1075	0.30998
150	1243	0.23990
152	671	0.27639
152	250	0.24015
152	336	0.23491
152	1225	0.21613
152	1362	0.21382
152	333	0.20882
152	678	0.20727
152	696	0.20506
153	1063	0.36655
153	1085	0.21114
153	1082	0.20029
154	1088	0.37511
154	832	0.35576
154	1086	0.25682
154	1063	0.24296
154	1087	0.23872
154	111	0.22948
154	1054	0.21680
154	584	0.21559
155	1101	0.20033
156	1096	0.24141
156	1099	0.21865
157	1006	0.22522
158	302	0.22542
158	1269	0.20466
158	405	0.20046
159	1066	0.27660
160	1071	0.37513
160	1134	0.27814
160	885	0.26277
160	741	0.25530
160	887	0.23849
160	769	0.23040
160	890	0.22499
160	1172	0.22092
160	763	0.22036
160	1126	0.20664
161	1386	0.34497
161	55	0.29490
161	460	0.29377
161	145	0.27610
161	240	0.26642
161	461	0.26158
161	366	0.24961
161	54	0.24775
161	1192	0.24686
161	314	0.23938
161	489	0.23610
161	306	0.23117
161	1185	0.23059
161	784	0.22864
161	376	0.22277
161	1182	0.22231
161	348	0.22162
161	1382	0.21881
161	72	0.21837
161	559	0.21758
161	789	0.21624
161	1384	0.21288
161	324	0.21136
161	1366	0.21073
161	62	0.20993
161	1241	0.20983
161	150	0.20938
161	962	0.20814
161	326	0.20676
161	539	0.20627
161	365	0.20627
161	111	0.20622
161	1375	0.20435
161	435	0.20431
161	339	0.20192
162	460	0.33166
162	55	0.31927
162	559	0.30434
162	145	0.28929
162	240	0.28155
162	461	0.27820
162	489	0.27384
162	366	0.27241
162	1182	0.27093
162	1386	0.26677
162	306	0.26088
162	292	0.24605
162	365	0.24435
162	62	0.24176
162	326	0.23925
162	784	0.23597
162	1366	0.23402
162	477	0.23015
162	1185	0.22942
162	111	0.22907
162	376	0.22886
162	1192	0.22691
162	1383	0.22658
162	24	0.22494
162	348	0.22460
162	562	0.22391
162	81	0.22200
162	16	0.21899
162	364	0.21898
162	959	0.21740
162	963	0.21694
162	23	0.21385
162	966	0.21330
162	72	0.21209
162	54	0.21019
162	327	0.21011
162	323	0.20830
162	21	0.20770
162	553	0.20675
162	352	0.20493
162	754	0.20488
162	1109	0.20390
162	98	0.20353
162	1281	0.20294
162	135	0.20225
162	324	0.20137
163	492	0.44973
163	232	0.27418
163	56	0.23600
163	373	0.21549
163	1231	0.21149
164	311	0.21647
165	504	0.26370
165	71	0.25931
165	1276	0.20202
166	504	0.35037
166	71	0.27140
166	1276	0.26100
166	209	0.23075
166	1302	0.20729
166	1171	0.20722
166	271	0.20301
166	663	0.20285
167	553	0.25122
167	274	0.23824
167	1279	0.23564
168	750	0.31643
168	965	0.20374
169	750	0.31525
170	238	0.28687
171	431	0.35189
171	516	0.32774
171	141	0.29440
171	1155	0.24722
171	594	0.22914
171	714	0.22038
171	812	0.21677
171	598	0.21105
171	755	0.20697
172	320	0.54734
172	527	0.38780
172	322	0.38289
172	321	0.30385
172	476	0.26268
172	107	0.21477
173	532	0.30039
173	367	0.27728
173	451	0.26522
174	483	0.34430
174	411	0.26548
174	501	0.25150
174	523	0.24084
174	1157	0.22283
174	35	0.21938
174	1390	0.20746
175	941	0.25672
175	238	0.23088
175	1221	0.22556
175	139	0.20858
176	963	0.30549
176	542	0.26312
176	5	0.22896
177	589	0.29010
177	543	0.28023
177	590	0.25072
177	588	0.23937
177	578	0.21540
177	592	0.20790
178	591	0.33671
180	548	0.28704
180	616	0.25959
180	622	0.24116
180	617	0.21899
181	997	0.29038
181	993	0.24330
181	176	0.24276
181	409	0.23299
181	243	0.23263
181	1350	0.22009
181	1093	0.21483
181	1243	0.21424
181	970	0.21116
181	1074	0.20273
181	1062	0.20141
182	634	0.39432
182	685	0.24141
185	864	0.37053
185	1008	0.36805
185	856	0.35135
185	285	0.33019
185	857	0.32454
185	858	0.29608
185	391	0.27944
185	766	0.27880
185	390	0.27587
185	658	0.25317
185	948	0.24591
185	859	0.23882
185	627	0.23429
185	911	0.22706
185	878	0.21217
185	15	0.21204
186	1243	0.24189
186	1062	0.21345
187	763	0.39085
187	838	0.25092
187	1126	0.23251
187	1171	0.22805
187	839	0.21892
188	725	0.31064
188	909	0.20628
188	722	0.20094
189	767	0.20145
190	390	0.23936
192	641	0.22318
192	733	0.21305
192	735	0.20367
193	735	0.33647
193	730	0.31930
193	733	0.31907
193	736	0.29302
193	641	0.29261
193	422	0.28765
193	648	0.28408
193	734	0.28052
193	400	0.25402
193	424	0.24949
193	647	0.23853
193	425	0.22582
193	145	0.21583
194	642	0.46097
194	932	0.40546
194	888	0.31798
194	1126	0.30057
194	1178	0.29331
194	744	0.28384
194	1172	0.27977
194	1116	0.27740
194	1293	0.27640
194	957	0.27492
194	769	0.27296
194	1176	0.26439
194	1173	0.26102
194	1050	0.25923
194	1359	0.25822
194	1177	0.24728
194	1171	0.24462
194	1045	0.23941
194	1123	0.23855
194	885	0.23798
194	1117	0.22574
194	1145	0.22417
194	1118	0.22373
194	735	0.22324
194	741	0.22124
194	956	0.21991
194	839	0.21983
194	897	0.21829
194	742	0.21404
194	1122	0.21372
194	740	0.21365
194	1067	0.21131
194	1051	0.21066
194	1070	0.20942
194	823	0.20917
194	760	0.20416
194	1131	0.20337
194	1146	0.20012
195	642	0.45534
195	932	0.34944
195	831	0.29372
195	1173	0.27545
195	888	0.27011
195	1126	0.25822
195	769	0.25700
195	744	0.25454
195	1178	0.24847
195	1116	0.23954
195	1293	0.23763
195	1172	0.23749
195	1050	0.22781
195	1055	0.22296
195	1067	0.22276
195	1145	0.22246
195	1359	0.22151
195	1176	0.22078
195	1171	0.21989
195	863	0.21793
195	1123	0.21349
195	1045	0.20920
195	885	0.20541
195	1177	0.20234
195	1122	0.20217
195	1118	0.20088
197	884	0.40079
197	723	0.25939
197	768	0.24361
197	881	0.22494
197	726	0.21140
198	886	0.29077
198	887	0.27190
198	743	0.25995
198	1126	0.25678
198	1174	0.25361
198	889	0.24900
198	1068	0.24511
198	890	0.23734
198	897	0.23477
198	740	0.22899
198	885	0.22358
198	769	0.22334
198	843	0.22244
198	741	0.21096
198	935	0.20863
198	1067	0.20737
198	906	0.20384
198	1172	0.20278
198	1027	0.20051
199	930	0.25623
199	1070	0.24666
199	931	0.22177
199	1058	0.21047
199	1059	0.20061
200	1071	0.28539
201	625	0.21749
202	1285	0.40437
202	1310	0.24857
202	1311	0.21158
202	411	0.21097
202	232	0.20867
202	1309	0.20473
202	19	0.20246
203	1285	0.27325
203	1308	0.22147
203	38	0.21705
203	58	0.21434
205	1287	0.29617
205	1321	0.29409
205	337	0.23023
205	78	0.22318
205	55	0.21103
205	1322	0.21070
206	1290	0.40754
206	879	0.28787
206	1338	0.21049
208	1291	0.39994
208	1344	0.24616
209	461	0.26162
209	1364	0.25768
209	358	0.25751
209	959	0.25423
209	339	0.25312
209	240	0.25005
209	798	0.22930
209	526	0.22673
209	291	0.22489
209	55	0.22159
209	23	0.21200
209	996	0.21165
209	16	0.21018
209	254	0.20899
209	1383	0.20858
209	38	0.20727
209	1278	0.20541
209	256	0.20406
209	207	0.20016
210	1172	0.38868
210	1145	0.35762
210	1171	0.34499
210	1126	0.26454
210	1133	0.23225
210	743	0.22971
210	1132	0.22013
210	956	0.21440
210	1067	0.21179
210	1068	0.21109
210	1070	0.20454
210	938	0.20054
211	897	0.27205
211	935	0.25748
211	743	0.25577
211	1117	0.24095
211	890	0.23892
211	886	0.23325
211	1051	0.23154
211	885	0.22731
211	1067	0.22677
211	1171	0.22380
211	887	0.22323
211	1070	0.22174
211	1126	0.21957
211	1145	0.21944
211	741	0.21448
211	1174	0.21350
211	769	0.21315
211	740	0.21295
211	1173	0.21259
211	1172	0.20087
211	1068	0.20064
212	1178	0.44286
212	1177	0.43806
212	888	0.40439
212	1176	0.32290
212	838	0.31928
212	885	0.30957
212	1146	0.30047
212	642	0.28854
212	31	0.27743
212	932	0.24202
212	769	0.23055
212	839	0.22937
212	1126	0.21959
212	823	0.21592
212	763	0.21567
212	741	0.20882
212	887	0.20602
212	1070	0.20363
212	822	0.20153
213	1146	0.39961
213	885	0.39186
213	769	0.37920
213	888	0.35034
213	1116	0.32474
213	741	0.32239
213	1173	0.29416
213	642	0.28232
213	887	0.27745
213	1178	0.26666
213	1145	0.25432
213	765	0.24604
213	1038	0.24081
213	890	0.21891
213	1177	0.21848
213	1122	0.21320
213	1117	0.20968
213	1126	0.20529
213	839	0.20503
213	1123	0.20243
213	932	0.20101
214	1294	0.29153
214	831	0.22259
215	535	0.31096
215	1234	0.22228
217	323	0.24966
217	983	0.24838
217	655	0.24669
217	559	0.23720
217	1161	0.23320
217	438	0.22376
217	666	0.22349
217	65	0.22006
217	1307	0.20798
217	1318	0.20551
217	154	0.20508
217	1213	0.20367
217	1305	0.20290
218	559	0.21331
219	1221	0.31114
219	208	0.30375
219	1222	0.26052
219	993	0.24974
219	530	0.24745
219	299	0.24219
219	992	0.22483
219	971	0.22357
219	371	0.21523
219	228	0.21248
219	447	0.21228
219	319	0.20879
219	1191	0.20587
219	657	0.20582
219	79	0.20379
219	664	0.20315
220	382	0.23153
220	292	0.21244
220	242	0.20984
220	321	0.20459
220	111	0.20373
220	16	0.20345
221	1366	0.24634
221	292	0.23133
221	1182	0.21894
221	194	0.21882
221	3	0.21599
221	754	0.21183
221	458	0.20910
221	579	0.20102
221	559	0.20021
222	1400	0.41308
222	419	0.37181
222	1399	0.34379
222	1358	0.33175
222	1398	0.32687
222	1357	0.32277
222	1396	0.30954
222	1130	0.30763
222	1397	0.27210
222	400	0.26349
222	1387	0.23811
222	1050	0.22563
222	1048	0.22536
222	886	0.22209
222	412	0.22199
222	393	0.22164
222	1116	0.22133
222	1359	0.21087
222	887	0.20719
222	864	0.20237
223	400	0.30475
223	1399	0.27862
223	1398	0.23397
223	419	0.21671
223	1008	0.21376
223	1358	0.20231
224	1312	0.22305
225	1188	0.31711
225	1380	0.24565
