MeanFMeasure	0,01771
MeanQueryThroughput	3515,62500
MeanRecall	0,94853
MeanReciprocalRank	0,34667
MeanPrecision	0,00903
MeanQueryLatency	0,28444
MeanPrecisionAtRank10	0,22356

query_id	precision	precisionRank10	recall	f-measure
1	0,03467	0.5	0,89286	0,06676
2	0,03120	0.3	0,87500	0,06026
3	0,01225	0.7	1,00000	0,02421
4	0,00176	0.1	1,00000	0,00351
5	0,00559	0.3	1,00000	0,01111
6	0,00416	0.1	1,00000	0,00829
7	0,00473	0.1	1,00000	0,00941
8	0,00912	0.1	1,00000	0,01808
9	0,00302	0.2	1,00000	0,00603
10	0,01356	0.3	1,00000	0,02676
11	0,00719	0.2	1,00000	0,01427
12	0,00456	0.2	1,00000	0,00908
13	0,00000	0.0	0,00000	0,00000
14	0,00482	0.1	1,00000	0,00959
15	0,01274	0.2	1,00000	0,02516
16	0,00304	0.1	1,00000	0,00605
17	0,00195	0.1	1,00000	0,00388
18	0,00310	0.1	1,00000	0,00619
19	0,00713	0.0	0,88889	0,01415
20	0,00782	0.7	1,00000	0,01552
21	0,00559	0.1	1,00000	0,01113
22	0,00000	0.0	0,00000	0,00000
23	0,07812	0.4	0,62500	0,13889
24	0,00508	0.2	1,00000	0,01012
25	0,00899	0.6	1,00000	0,01782
26	0,00532	0.2	1,00000	0,01058
27	0,00355	0.1	1,00000	0,00707
28	0,00238	0.0	1,00000	0,00474
29	0,00786	0.5	1,00000	0,01560
30	0,00642	0.0	0,85714	0,01274
31	0,00000	0.0	0,00000	0,00000
32	0,00613	0.0	0,83333	0,01218
33	0,00312	0.2	1,00000	0,00622
34	0,00769	0.1	1,00000	0,01527
35	0,00469	0.0	0,66667	0,00932
36	0,00226	0.1	1,00000	0,00450
37	0,00897	0.2	1,00000	0,01779
38	0,01808	0.0	1,00000	0,03552
39	0,02000	0.2	0,76923	0,03899
40	0,02961	0.1	0,75000	0,05696
41	0,00356	0.3	1,00000	0,00709
42	0,00468	0.3	1,00000	0,00932
43	0,00585	0.4	1,00000	0,01164
44	0,00000	0.0	0,00000	0,00000
45	0,01223	0.1	1,00000	0,02417
46	0,01356	0.5	1,00000	0,02676
47	0,01869	0.5	1,00000	0,03670
48	0,02647	0.2	0,81818	0,05128
49	0,00177	0.1	1,00000	0,00353
50	0,00583	0.1	1,00000	0,01158
51	0,00887	0.5	1,00000	0,01757
52	0,00370	0.4	1,00000	0,00738
53	0,00983	0.3	1,00000	0,01947
54	0,01024	0.1	1,00000	0,02027
55	0,01092	0.2	1,00000	0,02160
56	0,01254	0.1	0,80000	0,02469
57	0,01487	0.1	0,92857	0,02928
58	0,00788	0.1	1,00000	0,01564
59	0,00400	0.2	1,00000	0,00798
60	0,00473	0.3	1,00000	0,00941
61	0,00746	0.4	1,00000	0,01481
62	0,00441	0.0	1,00000	0,00879
63	0,00338	0.0	1,00000	0,00673
64	0,00211	0.1	1,00000	0,00421
65	0,01289	0.5	0,93333	0,02543
66	0,00462	0.2	1,00000	0,00919
67	0,01332	0.7	1,00000	0,02629
68	0,00540	0.0	0,80000	0,01072
69	0,00600	0.1	1,00000	0,01192
70	0,01155	0.1	1,00000	0,02283
71	0,00779	0.0	0,87500	0,01544
72	0,01501	0.2	0,94118	0,02955
73	0,01778	0.6	1,00000	0,03493
74	0,00664	0.0	1,00000	0,01320
75	0,00452	0.0	1,00000	0,00899
76	0,00636	0.3	1,00000	0,01265
77	0,00554	0.3	1,00000	0,01102
78	0,01316	0.3	1,00000	0,02597
79	0,00483	0.2	1,00000	0,00962
80	0,00289	0.0	0,75000	0,00576
81	0,00510	0.2	1,00000	0,01015
82	0,00428	0.2	1,00000	0,00852
83	0,00363	0.1	1,00000	0,00723
84	0,00953	0.3	1,00000	0,01888
85	0,00402	0.1	1,00000	0,00800
86	0,00200	0.2	1,00000	0,00398
87	0,00709	0.0	1,00000	0,01407
88	0,01230	0.6	1,00000	0,02429
89	0,00630	0.1	1,00000	0,01253
90	0,02222	0.2	0,84615	0,04331
91	0,01187	0.3	0,88889	0,02343
92	0,01325	0.6	1,00000	0,02616
93	0,00083	0.1	1,00000	0,00166
94	0,01487	0.5	1,00000	0,02930
95	0,00271	0.1	1,00000	0,00541
96	0,01235	0.5	1,00000	0,02439
97	0,02017	0.3	0,70000	0,03922
98	0,00570	0.0	1,00000	0,01134
99	0,00404	0.3	0,75000	0,00804
100	0,01073	0.2	1,00000	0,02123
101	0,00654	0.5	1,00000	0,01299
102	0,00973	0.2	1,00000	0,01928
103	0,00376	0.0	0,50000	0,00746
104	0,00477	0.1	1,00000	0,00950
105	0,00717	0.3	1,00000	0,01425
106	0,00980	0.3	1,00000	0,01942
107	0,00775	0.4	1,00000	0,01538
108	0,01577	0.6	1,00000	0,03104
109	0,00990	0.0	1,00000	0,01961
110	0,00477	0.1	1,00000	0,00949
111	0,00769	0.3	1,00000	0,01527
112	0,00179	0.1	1,00000	0,00357
113	0,00410	0.2	1,00000	0,00817
114	0,00335	0.1	1,00000	0,00667
115	0,00329	0.1	1,00000	0,00656
116	0,00767	0.0	1,00000	0,01522
117	0,00273	0.0	1,00000	0,00544
118	0,00360	0.2	1,00000	0,00718
119	0,00097	0.1	1,00000	0,00194
120	0,01138	0.5	1,00000	0,02250
121	0,01109	0.4	1,00000	0,02194
122	0,00880	0.3	1,00000	0,01744
123	0,00205	0.0	1,00000	0,00409
124	0,00305	0.0	1,00000	0,00609
125	0,01552	0.4	0,94118	0,03053
126	0,01147	0.2	0,62500	0,02252
127	0,00473	0.1	1,00000	0,00941
128	0,00327	0.0	1,00000	0,00653
129	0,00683	0.3	1,00000	0,01357
130	0,00702	0.3	1,00000	0,01395
131	0,00836	0.2	1,00000	0,01658
132	0,02994	0.7	1,00000	0,05814
133	0,01207	0.1	1,00000	0,02385
134	0,00185	0.1	1,00000	0,00370
135	0,00948	0.4	1,00000	0,01878
136	0,00306	0.1	1,00000	0,00610
137	0,00392	0.2	1,00000	0,00780
138	0,00210	0.1	1,00000	0,00419
139	0,00363	0.0	1,00000	0,00723
140	0,00871	0.2	1,00000	0,01727
141	0,00865	0.3	1,00000	0,01714
142	0,00107	0.1	1,00000	0,00213
143	0,00195	0.2	1,00000	0,00389
144	0,00609	0.5	1,00000	0,01211
145	0,00654	0.3	1,00000	0,01299
146	0,00213	0.2	1,00000	0,00426
147	0,01376	0.3	0,90000	0,02711
148	0,00730	0.2	1,00000	0,01449
149	0,01305	0.4	0,90909	0,02574
150	0,00273	0.2	1,00000	0,00545
151	0,00459	0.0	1,00000	0,00913
152	0,00583	0.0	1,00000	0,01158
153	0,00904	0.3	0,71429	0,01786
154	0,00234	0.2	1,00000	0,00467
155	0,00935	0.2	0,66667	0,01843
156	0,05085	0.6	0,85714	0,09600
157	0,03207	0.5	0,97436	0,06209
158	0,01829	0.2	0,75000	0,03571
159	0,01059	0.2	0,87500	0,02093
160	0,00450	0.1	1,00000	0,00895
161	0,00500	0.3	1,00000	0,00995
162	0,00734	0.2	1,00000	0,01457
163	0,00256	0.2	1,00000	0,00512
164	0,01367	0.4	0,87500	0,02692
165	0,00249	0.2	1,00000	0,00498
166	0,00717	0.0	1,00000	0,01425
167	0,00194	0.2	1,00000	0,00386
168	0,00170	0.1	1,00000	0,00340
169	0,00321	0.3	1,00000	0,00641
170	0,00690	0.4	1,00000	0,01371
171	0,00328	0.2	1,00000	0,00653
172	0,00454	0.4	1,00000	0,00904
173	0,00219	0.2	1,00000	0,00437
174	0,00559	0.2	1,00000	0,01111
175	0,00509	0.1	1,00000	0,01013
176	0,00632	0.1	1,00000	0,01256
177	0,02041	0.4	1,00000	0,04000
178	0,00813	0.2	1,00000	0,01613
179	0,00321	0.2	1,00000	0,00640
180	0,02555	0.4	1,00000	0,04982
181	0,00500	0.2	1,00000	0,00994
182	0,00215	0.2	1,00000	0,00430
183	0,02204	0.5	0,84615	0,04297
184	0,02869	0.1	1,00000	0,05578
185	0,01670	0.6	1,00000	0,03285
186	0,01302	0.5	0,87500	0,02566
187	0,00363	0.3	0,66667	0,00722
188	0,01757	0.5	1,00000	0,03454
189	0,00877	0.1	0,88889	0,01737
190	0,00485	0.5	1,00000	0,00966
191	0,03110	0.4	1,00000	0,06032
192	0,00885	0.3	1,00000	0,01754
193	0,01031	0.7	1,00000	0,02041
194	0,00670	0.1	1,00000	0,01330
195	0,00309	0.0	1,00000	0,00615
196	0,00915	0.4	0,91667	0,01812
197	0,00366	0.2	1,00000	0,00729
198	0,00391	0.2	1,00000	0,00779
199	0,01258	0.2	1,00000	0,02484
200	0,00348	0.2	1,00000	0,00694
201	0,02443	0.4	1,00000	0,04769
202	0,01265	0.3	1,00000	0,02498
203	0,01188	0.2	0,92857	0,02347
204	0,01332	0.1	0,92857	0,02626
205	0,00206	0.2	1,00000	0,00412
206	0,00309	0.2	1,00000	0,00617
207	0,00498	0.0	0,80000	0,00989
208	0,00565	0.2	1,00000	0,01124
209	0,01211	0.1	1,00000	0,02393
210	0,00605	0.2	1,00000	0,01204
211	0,01366	0.0	1,00000	0,02696
212	0,01647	0.5	1,00000	0,03241
213	0,01192	0.6	1,00000	0,02355
214	0,00471	0.1	1,00000	0,00938
215	0,00197	0.0	1,00000	0,00394
216	0,00098	0.0	1,00000	0,00196
217	0,01518	0.3	1,00000	0,02991
218	0,02703	0.2	1,00000	0,05263
219	0,01549	0.0	1,00000	0,03051
220	0,01586	0.2	1,00000	0,03122
221	0,01479	0.3	1,00000	0,02915
222	0,01262	0.5	1,00000	0,02492
223	0,00762	0.2	1,00000	0,01512
224	0,00737	0.1	1,00000	0,01464
225	0,01874	0.2	0,79167	0,03661
