query_id	doc_id	doc_score
1	12	4
1	13	3
1	1043	2
1	1024	1
2	12	11
2	172	10
2	14	9
2	36	8
2	33	7
2	24	6
2	11	5
2	4	4
2	1	3
2	2	2
2	26	1
3	329	5
3	5	4
3	1035	3
3	2	2
3	4	1
4	166	11
4	329	10
4	401	9
4	14	8
4	17	7
4	4	6
4	2	5
4	1	4
4	8	3
4	12	2
4	879	1
5	1032	4
5	28	3
5	1035	2
5	2	1
6	257	6
6	121	5
6	1	4
6	2	3
6	4	2
6	3	1
7	492	16
7	56	13
7	122	12
7	225	11
7	27	10
7	354	9
7	32	8
7	9	7
7	14	6
7	1	5
7	2	4
7	4	3
7	7	2
7	483	1
8	122	9
8	232	8
8	124	7
8	69	6
8	44	5
8	14	4
8	4	3
8	1	2
8	7	1
9	45	5
9	21	4
9	23	3
9	6	2
9	1	1
10	302	8
10	129	7
10	14	6
10	9	5
10	17	4
10	4	3
10	1	2
10	88	1
11	72	8
11	110	7
11	2	6
11	27	5
11	6	4
11	1	3
11	3	2
11	483	1
12	624	7
12	792	6
12	36	5
12	13	4
12	1	3
12	3	2
12	10	1
13	496	5
13	38	4
13	27	3
13	1	2
13	879	1
14	25	2
14	2	1
15	462	3
15	1024	2
15	259	1
16	498	9
16	869	7
16	106	6
16	25	5
16	2	4
16	1	3
16	3	2
16	5	1
17	1108	9
17	601	8
17	2	7
17	25	6
17	1	5
17	6	4
17	7	3
17	3	2
17	5	1
18	225	8
18	56	7
18	70	6
18	19	5
18	17	4
18	11	3
18	1	2
18	4	1
19	416	7
19	44	6
19	40	5
19	1	4
19	2	3
19	3	2
19	5	1
20	123	9
20	44	8
20	84	7
20	49	6
20	11	5
20	1	4
20	4	3
20	3	2
20	963	1
21	502	9
21	125	8
21	24	7
21	14	6
21	9	5
21	1	4
21	3	3
21	26	2
21	879	1
22	307	12
22	9	11
22	49	10
22	29	9
22	7	8
22	4	7
22	1	6
22	3	5
22	5	4
22	557	2
22	963	1
23	14	5
23	1151	4
23	4	3
23	1	2
23	7	1
24	262	8
24	798	7
24	85	6
24	12	5
24	5	4
24	3	3
24	1	2
24	483	1
25	121	10
25	212	9
25	97	8
25	11	7
25	37	6
25	1	5
25	3	4
25	5	3
25	12	2
25	1067	1
26	307	12
26	96	11
26	4	10
26	50	9
26	9	8
26	2	7
26	7	6
26	28	5
26	6	4
26	1	3
26	5	2
26	46	1
27	798	6
27	247	5
27	13	4
27	1	3
27	4	2
27	2	1
28	251	6
28	28	5
28	13	4
28	2	3
28	1	2
28	3	1
29	211	10
29	420	9
29	146	8
29	9	7
29	28	6
29	1	5
29	6	4
29	12	3
29	5	2
29	483	1
30	601	4
30	146	3
30	19	2
30	1	1
31	94	7
31	49	6
31	2	5
31	28	4
31	4	3
31	3	2
31	1	1
32	752	7
32	1186	5
32	25	4
32	4	3
32	1	2
32	2	1
33	516	10
33	140	9
33	9	8
33	141	7
33	129	6
33	74	5
33	13	4
33	1	3
33	8	2
33	3	1
34	516	6
34	171	5
34	2	4
34	9	3
34	1	2
34	4	1
35	179	5
35	110	4
35	11	3
35	2	2
35	1	1
36	274	6
36	72	5
36	24	4
36	2	3
36	7	2
36	1	1
37	186	7
37	165	6
37	80	5
37	11	4
37	3	3
37	1	2
37	7	1
38	25	6
38	36	5
38	2	4
38	8	3
38	1	2
38	3	1
39	1268	5
39	24	4
39	1040	3
39	2	2
39	1024	1
40	89	4
40	17	3
40	2	2
40	1024	1
41	289	9
41	656	8
41	14	7
41	2	6
41	9	5
41	1	4
41	3	3
41	5	2
41	137	1
42	521	14
42	526	12
42	439	11
42	124	10
42	25	9
42	9	8
42	1	7
42	6	6
42	3	5
42	10	4
42	11	3
42	5	2
42	963	1
43	467	7
43	193	6
43	49	5
43	2	4
43	3	3
43	1	2
43	5	1
44	103	7
44	25	6
44	14	5
44	1	4
44	3	3
44	2	2
44	405	1
45	123	7
45	73	6
45	2	5
45	25	4
45	4	3
45	1	2
45	3	1
46	36	8
46	37	7
46	9	6
46	12	5
46	1	4
46	5	3
46	3	2
46	46	1
47	25	9
47	305	8
47	9	7
47	2	6
47	3	5
47	5	4
47	8	3
47	1	2
47	46	1
48	526	4
48	757	3
48	25	2
48	513	1
49	349	13
49	321	11
49	72	10
49	131	9
49	15	8
49	2	7
49	1	6
49	3	5
49	5	4
49	11	3
49	557	2
49	483	1
50	329	11
50	435	10
50	25	9
50	124	8
50	17	7
50	2	6
50	3	5
50	1	4
50	10	3
50	483	1
51	494	10
51	329	9
51	25	8
51	17	7
51	9	6
51	4	5
51	1	4
51	6	3
51	5	2
51	483	1
52	96	9
52	8	8
52	4	7
52	12	6
52	1	5
52	6	4
52	5	3
53	208	10
53	28	9
53	33	8
53	22	7
53	2	6
53	4	5
53	1	4
53	3	3
53	5	2
53	483	1
54	123	12
54	84	11
54	89	10
54	77	9
54	22	8
54	12	7
54	47	6
54	2	5
54	5	4
54	1	3
55	17	11
55	377	10
55	135	9
55	16	8
55	34	7
55	2	6
55	3	5
55	8	4
55	7	3
55	1	2
55	26	1
56	753	8
56	14	6
56	1339	5
56	36	4
56	17	3
56	8	2
56	1024	1
57	52	8
57	23	7
57	4	6
57	2	5
57	1	4
57	5	3
57	46	2
57	405	1
58	754	9
58	23	8
58	2	7
58	37	6
58	9	5
58	1	4
58	3	3
58	31	2
58	1067	1
59	292	7
59	364	5
59	9	4
59	17	3
59	2	2
59	14	1
60	527	14
60	321	13
60	49	12
60	34	11
60	179	10
60	54	9
60	2	8
60	4	7
60	1	6
60	9	5
60	7	4
60	5	3
60	19	2
60	483	1
61	283	7
61	23	6
61	22	5
61	14	4
61	2	3
61	1	2
61	8	1
62	1268	18
62	452	16
62	94	14
62	105	13
62	131	12
62	36	11
62	18	10
62	2	9
62	6	8
62	1	7
62	13	6
62	5	5
62	46	4
62	557	3
62	405	1
63	1104	5
63	211	4
63	14	3
63	8	2
63	2	1
64	70	6
64	37	5
64	42	4
64	9	3
64	2	2
64	1	1
65	3	9
65	96	8
65	2	7
65	16	6
65	8	5
65	7	4
65	6	3
65	1	2
65	5	1
66	329	14
66	128	13
66	73	12
66	2	11
66	89	10
66	4	9
66	1	8
66	7	7
66	3	6
66	15	5
66	5	4
66	8	3
66	137	2
66	405	1
67	72	10
67	2	9
67	3	8
67	17	7
67	8	6
67	13	5
67	1	4
67	12	3
67	5	2
67	11	1
68	628	9
68	1248	8
68	25	6
68	14	5
68	4	4
68	1	3
68	7	2
68	21	1
69	128	8
69	540	7
69	14	6
69	4	5
69	3	4
69	2	3
69	5	2
69	1	1
70	540	7
70	62	6
70	4	5
70	3	4
70	2	3
70	5	2
70	1	1
71	25	5
71	63	4
71	14	3
71	1	2
71	7	1
72	315	9
72	14	8
72	49	7
72	56	6
72	7	5
72	36	4
72	2	3
72	4	2
72	12	1
73	332	12
73	541	10
73	101	9
73	329	8
73	25	7
73	17	6
73	9	5
73	7	4
73	1	3
73	3	2
73	1067	1
74	364	11
74	576	10
74	122	9
74	329	8
74	25	7
74	2	6
74	1	5
74	3	4
74	4	3
74	5	2
74	963	1
75	168	10
75	36	9
75	23	8
75	7	7
75	2	6
75	1	5
75	3	4
75	963	2
75	557	1
76	667	11
76	25	10
76	257	9
76	9	8
76	24	7
76	2	6
76	7	5
76	5	4
76	3	3
76	1	2
76	483	1
77	315	12
77	25	11
77	187	10
77	170	9
77	7	8
77	20	7
77	4	6
77	1	5
77	11	4
77	5	3
77	483	1
78	589	7
78	138	5
78	18	4
78	2	3
78	1	2
78	1067	1
79	49	11
79	212	10
79	52	9
79	14	8
79	28	7
79	4	6
79	2	5
79	1	4
79	11	3
79	6	2
79	3	1
80	544	8
80	202	7
80	14	6
80	29	5
80	5	4
80	12	3
80	3	2
80	1	1
81	799	6
81	714	5
81	25	4
81	4	3
81	2	2
81	1	1
82	677	14
82	1339	13
82	704	12
82	206	11
82	39	10
82	94	9
82	1	8
82	14	7
82	4	6
82	12	5
82	2	4
82	10	3
82	8	2
82	5	1
83	49	5
83	18	4
83	1	3
83	3	2
83	1067	1
84	294	12
84	24	11
84	344	10
84	36	9
84	17	8
84	9	7
84	4	6
84	1	5
84	3	4
84	8	3
84	26	2
84	46	1
85	184	8
85	7	7
85	9	6
85	24	5
85	36	4
85	2	3
85	4	2
85	1	1
86	755	9
86	790	8
86	179	6
86	171	5
86	9	4
86	17	3
86	1	2
86	3	1
87	572	14
87	2	13
87	315	12
87	25	11
87	7	10
87	4	9
87	17	8
87	1	7
87	3	6
87	10	5
87	13	4
87	5	3
87	405	1
88	548	14
88	613	11
88	163	10
88	615	9
88	553	8
88	164	7
88	42	6
88	7	5
88	6	4
88	1	3
88	2	2
88	405	1
89	315	11
89	757	10
89	793	9
89	52	8
89	42	7
89	1	6
89	2	5
89	6	4
89	8	3
89	3	2
89	5	1
90	124	3
90	8	2
90	2	1
91	252	5
91	179	4
91	25	3
91	7	2
91	1	1
92	329	11
92	36	10
92	37	9
92	9	8
92	32	7
92	2	6
92	1	5
92	7	4
92	4	3
92	3	2
92	405	1
93	635	11
93	572	9
93	68	8
93	9	7
93	36	6
93	14	5
93	1	4
93	4	3
93	18	2
93	3	1
94	329	10
94	84	9
94	438	8
94	24	7
94	35	6
94	6	5
94	5	4
94	1	3
94	3	2
95	101	6
95	29	5
95	37	4
95	1	3
95	4	2
95	2	1
96	637	8
96	465	7
96	146	6
96	14	5
96	2	4
96	1	3
96	3	2
96	5	1
97	187	5
97	14	4
97	17	3
97	1	2
97	7	1
98	638	8
98	315	7
98	25	6
98	9	5
98	36	4
98	6	3
98	1	2
98	2	1
99	962	10
99	25	9
99	32	8
99	33	7
99	14	6
99	6	5
99	2	4
99	1	3
99	4	2
99	46	1
100	1051	12
100	739	11
100	839	10
100	740	9
100	765	8
100	42	7
100	102	6
100	14	5
100	7	4
100	1	3
100	8	2
100	483	1
101	819	10
101	760	9
101	14	8
101	28	7
101	10	6
101	1	5
101	7	4
101	2	3
101	3	2
101	405	1
102	827	4
102	1235	3
102	11	2
102	1024	1
103	761	5
103	96	4
103	8	3
103	1	2
103	1067	1
104	762	11
104	1019	10
104	94	9
104	9	8
104	2	7
104	4	6
104	12	5
104	1	4
104	3	3
104	5	2
104	405	1
105	764	9
105	847	7
105	953	6
105	42	5
105	36	4
105	1	3
105	2	2
105	1067	1
106	552	3
106	1066	2
106	1	1
107	640	10
107	29	8
107	184	7
107	12	6
107	14	5
107	1	4
107	2	3
107	4	2
107	3	1
108	75	6
108	724	5
108	47	4
108	12	3
108	1	2
108	3	1
109	5	3
109	13	2
109	1031	1
110	1387	11
110	1119	10
110	825	9
110	89	8
110	2	7
110	25	6
110	1	5
110	5	4
110	11	3
110	483	1
111	894	7
111	2	6
111	14	5
111	15	4
111	4	3
111	1	2
111	3	1
112	641	16
112	730	14
112	644	13
112	131	12
112	15	11
112	73	10
112	2	9
112	4	8
112	43	7
112	9	6
112	1	5
112	16	4
112	5	3
112	1138	2
112	557	1
113	704	7
113	798	6
113	14	5
113	1104	4
113	1040	3
113	7	2
113	2	1
114	315	15
114	433	14
114	660	13
114	78	12
114	24	11
114	14	10
114	2	9
114	25	8
114	1	7
114	8	6
114	11	5
114	3	4
114	67	3
114	483	2
114	879	1
115	540	8
115	625	7
115	34	6
115	1	5
115	4	4
115	3	3
115	5	2
115	8	1
116	272	10
116	123	9
116	1	8
116	28	7
116	4	6
116	2	5
116	180	4
116	3	3
116	405	2
117	927	9
117	122	8
117	44	7
117	36	6
117	2	5
117	1	4
117	3	3
117	963	1
118	229	10
118	230	9
118	141	8
118	36	7
118	1	6
118	2	5
118	4	4
118	3	3
118	26	2
118	405	1
119	928	9
119	897	8
119	58	7
119	36	6
119	7	5
119	8	4
119	1	3
119	6	2
119	483	1
120	769	12
120	887	10
120	765	9
120	826	8
120	739	7
120	740	6
120	18	5
120	14	4
120	6	3
120	1	2
120	2	1
121	769	7
121	826	6
121	36	5
121	29	4
121	1	3
121	3	2
121	2	1
122	1068	10
122	442	9
122	202	8
122	28	7
122	1	6
122	4	5
122	2	4
122	3	3
122	5	2
122	557	1
123	49	7
123	28	6
123	2	5
123	4	4
123	7	3
123	1	2
123	5	1
124	569	13
124	73	12
124	9	11
124	28	10
124	14	9
124	1	8
124	2	7
124	10	6
124	13	5
124	3	4
124	8	3
124	5	2
124	1138	1
125	173	5
125	7	4
125	1	3
125	3	2
125	2	1
126	1288	5
126	773	4
126	1082	2
126	2	1
127	869	9
127	1375	8
127	72	7
127	5	6
127	23	5
127	2	4
127	3	3
127	1	2
127	7	1
128	1246	7
128	945	6
128	328	5
128	14	4
128	2	3
128	4	2
128	1	1
129	73	10
129	314	9
129	94	8
129	28	7
129	2	6
129	3	5
129	9	4
129	1	3
129	5	2
129	11	1
130	29	9
130	5	8
130	14	7
130	31	6
130	4	5
130	3	4
130	1	3
130	483	1
131	928	10
131	950	9
131	1019	8
131	69	7
131	16	6
131	9	5
131	6	4
131	1	3
131	4	2
131	3	1
132	1052	3
132	1024	2
132	1	1
133	1028	3
133	1024	2
133	1	1
134	866	9
134	739	8
134	49	7
134	1	6
134	2	5
134	7	4
134	3	3
134	1067	2
134	483	1
135	1016	9
135	739	8
135	760	7
135	25	6
135	1	5
135	3	4
135	2	3
135	21	2
136	140	9
136	304	8
136	89	7
136	14	6
136	3	5
136	1	4
136	2	3
136	21	2
137	952	18
137	934	13
137	202	12
137	826	11
137	112	10
137	44	9
137	14	8
137	42	7
137	12	6
137	1	5
137	6	4
137	3	3
137	5	2
137	26	1
138	764	9
138	658	8
138	129	7
138	44	6
138	2	5
138	9	4
138	1	3
138	3	2
139	826	11
139	764	10
139	129	9
139	53	8
139	15	7
139	2	6
139	1	5
139	3	4
139	5	3
139	557	1
140	954	6
140	1038	5
140	31	4
140	12	3
140	3	2
140	1	1
141	1043	6
141	117	5
141	14	4
141	4	3
141	3	2
141	1	1
142	329	5
142	173	4
142	53	3
142	14	2
142	3	1
143	1043	8
143	329	7
143	117	6
143	6	5
143	4	4
143	3	3
143	1	2
143	21	1
144	786	10
144	110	9
144	72	8
144	14	7
144	25	6
144	15	5
144	9	4
144	3	3
144	1	2
144	8	1
145	1051	11
145	827	10
145	329	9
145	47	8
145	17	7
145	14	6
145	1	5
145	4	4
145	3	3
145	21	2
145	46	1
146	928	7
146	730	6
146	30	5
146	14	4
146	13	3
146	1	2
146	3	1
147	956	12
147	1050	9
147	889	8
147	422	7
147	36	6
147	14	5
147	3	4
147	5	3
147	1	2
147	557	1
148	956	7
148	826	6
148	739	5
148	435	4
148	25	3
148	1	2
148	3	1
149	826	7
149	432	6
149	49	5
149	14	4
149	10	3
149	2	2
149	1	1
150	1062	7
150	696	6
150	14	5
150	7	4
150	9	3
150	8	2
150	1	1
151	101	8
151	14	7
151	54	6
151	1	5
151	3	4
151	2	3
151	7	2
151	483	1
152	94	9
152	36	8
152	39	7
152	11	6
152	1	5
152	3	4
152	12	3
152	5	2
152	405	1
153	1063	5
153	329	4
153	13	3
153	3	2
153	1	1
154	1088	9
154	111	6
154	14	5
154	32	4
154	13	3
154	3	2
154	1	1
155	804	4
155	1101	3
155	553	2
155	1028	1
156	262	4
156	12	3
156	8	2
156	1	1
157	160	14
157	94	13
157	44	12
157	25	11
157	2	10
157	1	9
157	9	8
157	4	7
157	6	6
157	10	5
157	3	4
157	8	3
157	5	2
157	26	1
158	14	5
158	25	4
158	12	3
158	3	2
158	1	1
159	1066	7
159	272	6
159	25	5
159	36	4
159	13	3
159	2	2
159	1	1
160	830	15
160	889	14
160	739	13
160	658	12
160	329	11
160	262	10
160	198	9
160	14	8
160	29	7
160	13	6
160	9	5
160	2	4
160	5	3
160	1	2
160	8	1
161	1386	17
161	49	15
161	54	14
161	165	13
161	50	12
161	16	11
161	6	10
161	17	9
161	4	8
161	2	7
161	7	6
161	1	5
161	8	4
161	5	3
161	26	2
161	46	1
162	72	14
162	49	13
162	94	12
162	16	11
162	17	10
162	4	9
162	6	8
162	9	7
162	3	6
162	2	5
162	1	4
162	10	3
162	137	2
162	26	1
163	232	11
163	124	9
163	27	8
163	9	7
163	20	6
163	14	5
163	1	4
163	4	3
163	3	2
163	483	1
164	311	5
164	316	4
164	9	3
164	2	2
164	1	1
165	504	9
165	71	8
165	72	7
165	49	6
165	7	5
165	2	4
165	6	3
165	5	2
165	1	1
166	504	10
166	209	8
166	55	7
166	7	6
166	2	5
166	3	4
166	1	3
166	5	2
166	13	1
167	553	8
167	82	7
167	14	6
167	28	5
167	12	4
167	2	3
167	1	2
167	7	1
168	118	11
168	117	10
168	4	9
168	34	8
168	9	7
168	1	6
168	5	5
168	12	4
168	8	3
168	1138	2
168	879	1
169	985	12
169	157	11
169	4	10
169	14	9
169	15	8
169	6	7
169	1	6
169	2	5
169	3	4
169	10	3
169	8	2
169	879	1
170	315	8
170	139	7
170	62	6
170	7	5
170	2	4
170	1	3
170	6	2
170	3	1
171	140	12
171	794	11
171	244	10
171	179	9
171	9	8
171	14	7
171	4	6
171	25	5
171	2	4
171	1	3
171	6	2
171	12	1
172	320	8
172	1235	7
172	72	6
172	23	5
172	4	4
172	1	3
172	8	2
172	5	1
173	451	8
173	367	7
173	50	6
173	13	5
173	14	4
173	3	3
173	1	2
173	2	1
174	35	7
174	160	6
174	37	5
174	8	4
174	2	3
174	1	2
174	4	1
175	1080	5
175	9	4
175	7	3
175	19	2
175	1	1
176	767	7
176	72	6
176	6	5
176	12	4
176	5	3
176	4	2
176	8	1
177	138	5
177	185	4
177	36	3
177	2	2
177	1	1
178	73	6
178	43	5
178	2	4
178	17	3
178	1	2
178	8	1
179	49	18
179	73	16
179	122	15
179	212	14
179	52	13
179	14	12
179	25	11
179	15	10
179	2	9
179	20	8
179	1	7
179	7	6
179	5	5
179	3	4
179	254	3
179	1138	2
179	483	1
180	548	7
180	616	5
180	163	4
180	85	3
180	6	2
180	1	1
181	997	5
181	97	4
181	7	3
181	1	2
181	3	1
182	685	12
182	634	11
182	193	9
182	701	8
182	165	7
182	14	6
182	35	5
182	9	4
182	7	3
182	1	2
182	3	1
183	199	6
183	272	5
183	2	4
183	14	3
183	10	2
183	4	1
184	262	1
185	856	4
185	390	3
185	15	2
185	1	1
186	1239	6
186	229	5
186	49	4
186	2	3
186	1	2
186	3	1
187	763	11
187	839	10
187	827	9
187	658	8
187	123	7
187	44	6
187	2	5
187	10	4
187	1	3
187	5	2
187	557	1
188	640	10
188	186	9
188	123	8
188	14	7
188	10	6
188	1	5
188	7	4
188	6	3
188	26	2
188	3	1
189	767	7
189	246	6
189	60	5
189	6	4
189	2	3
189	1	2
189	3	1
190	390	11
190	14	10
190	15	9
190	25	8
190	36	7
190	49	6
190	8	5
190	2	4
190	1	3
190	11	2
190	3	1
191	894	7
191	15	6
191	52	5
191	2	4
191	5	3
191	1	2
191	11	1
192	641	4
192	647	3
192	128	2
192	1	1
193	730	5
193	422	4
193	1088	3
193	1029	2
193	1024	1
194	744	13
194	642	12
194	740	11
194	739	10
194	741	9
194	627	8
194	72	7
194	23	6
194	6	5
194	2	4
194	1	3
194	483	2
194	963	1
195	1122	12
195	627	11
195	266	10
195	44	9
195	6	8
195	4	7
195	1	6
195	2	5
195	8	4
195	963	2
195	483	1
196	342	10
196	1	9
196	14	8
196	2	7
196	4	6
196	3	5
196	5	4
196	8	3
196	41	2
196	1067	1
197	723	6
197	6	4
197	42	3
197	13	2
197	1	1
198	798	9
198	179	8
198	96	7
198	2	6
198	8	5
198	1	4
198	3	3
198	963	1
199	1059	8
199	739	7
199	94	6
199	122	5
199	14	4
199	2	3
199	4	2
199	1	1
200	1053	8
200	370	7
200	72	6
200	24	5
200	12	4
200	25	3
200	2	2
200	1	1
201	625	10
201	401	8
201	329	7
201	24	6
201	2	5
201	3	4
201	5	3
201	1	2
201	963	1
202	1310	10
202	1285	8
202	232	6
202	36	5
202	14	4
202	20	3
202	3	2
202	2	1
203	927	9
203	49	7
203	54	6
203	14	5
203	3	4
203	1	3
203	2	2
203	7	1
204	147	5
204	85	4
204	14	3
204	2	2
204	1	1
205	131	8
205	72	7
205	49	6
205	2	5
205	4	4
205	8	3
205	3	2
205	5	1
206	1290	15
206	567	10
206	315	9
206	63	8
206	40	7
206	6	6
206	8	5
206	4	4
206	1	3
206	2	2
206	5	1
207	89	4
207	1040	3
207	1024	2
207	6	1
208	163	16
208	1344	11
208	44	10
208	77	9
208	32	8
208	5	7
208	1	6
208	2	5
209	798	11
209	89	10
209	45	9
209	7	8
209	4	7
209	11	6
209	2	5
209	3	4
209	1	3
209	5	2
209	26	1
210	1172	11
210	827	9
210	743	8
210	739	7
210	14	6
210	44	5
210	2	4
210	3	3
210	1	2
210	557	1
211	739	7
211	741	6
211	234	5
211	12	4
211	3	3
211	4	2
211	1	1
212	1177	8
212	838	6
212	658	5
212	29	4
212	7	3
212	1	2
212	3	1
213	1173	9
213	769	8
213	105	7
213	23	6
213	7	5
213	1	4
213	2	3
213	3	2
213	483	1
214	1294	7
214	1154	6
214	14	5
214	15	4
214	30	3
214	2	2
214	1	1
215	535	12
215	25	11
215	85	10
215	2	9
215	27	8
215	33	7
215	9	6
215	1	5
215	13	4
215	5	3
215	8	2
215	963	1
216	1274	9
216	49	8
216	25	7
216	56	6
216	14	5
216	2	4
216	1	3
216	3	2
216	6	1
217	329	8
217	36	7
217	2	6
217	25	5
217	4	4
217	9	3
217	1	2
217	3	1
218	36	7
218	77	6
218	35	5
218	2	4
218	4	3
218	1	2
218	557	1
219	329	10
219	25	9
219	24	8
219	7	7
219	14	6
219	2	5
219	1	4
219	10	3
219	13	2
219	963	1
220	1375	11
220	458	10
220	292	9
220	191	8
220	9	7
220	4	6
220	2	5
220	3	4
220	6	3
220	1	2
220	5	1
221	458	10
221	49	9
221	54	8
221	35	7
221	3	6
221	1	5
221	11	4
221	7	3
221	5	2
221	12	1
222	419	5
222	2	4
222	4	3
222	3	2
222	1	1
223	1399	6
223	1119	5
223	1034	4
223	538	3
223	1024	2
223	1026	1
224	315	11
224	317	10
224	36	9
224	6	8
224	2	7
224	7	6
224	1	5
224	3	4
224	5	3
224	320	2
224	879	1
225	1188	8
225	798	7
225	70	6
225	173	5
225	35	4
225	9	3
225	7	2
225	1	1
1	12	4
1	13	3
1	1043	2
1	1024	1
2	12	11
2	172	10
2	14	9
2	36	8
2	33	7
2	24	6
2	11	5
2	4	4
2	1	3
2	2	2
2	26	1
3	329	5
3	5	4
3	1035	3
3	2	2
3	4	1
4	166	11
4	329	10
4	401	9
4	14	8
4	17	7
4	4	6
4	2	5
4	1	4
4	8	3
4	12	2
4	879	1
5	1032	4
5	28	3
5	1035	2
5	2	1
6	257	6
6	121	5
6	1	4
6	2	3
6	4	2
6	3	1
7	492	16
7	56	13
7	122	12
7	225	11
7	27	10
7	354	9
7	32	8
7	9	7
7	14	6
7	1	5
7	2	4
7	4	3
7	7	2
7	483	1
8	122	9
8	232	8
8	124	7
8	69	6
8	44	5
8	14	4
8	4	3
8	1	2
8	7	1
9	45	5
9	21	4
9	23	3
9	6	2
9	1	1
10	302	8
10	129	7
10	14	6
10	9	5
10	17	4
10	4	3
10	1	2
10	88	1
11	72	8
11	110	7
11	2	6
11	27	5
11	6	4
11	1	3
11	3	2
11	483	1
12	624	7
12	792	6
12	36	5
12	13	4
12	1	3
12	3	2
12	10	1
13	496	5
13	38	4
13	27	3
13	1	2
13	879	1
14	25	2
14	2	1
15	462	3
15	1024	2
15	259	1
16	498	9
16	869	7
16	106	6
16	25	5
16	2	4
16	1	3
16	3	2
16	5	1
17	1108	9
17	601	8
17	2	7
17	25	6
17	1	5
17	6	4
17	7	3
17	3	2
17	5	1
18	225	8
18	56	7
18	70	6
18	19	5
18	17	4
18	11	3
18	1	2
18	4	1
19	416	7
19	44	6
19	40	5
19	1	4
19	2	3
19	3	2
19	5	1
20	123	9
20	44	8
20	84	7
20	49	6
20	11	5
20	1	4
20	4	3
20	3	2
20	963	1
21	502	9
21	125	8
21	24	7
21	14	6
21	9	5
21	1	4
21	3	3
21	26	2
21	879	1
22	307	12
22	9	11
22	49	10
22	29	9
22	7	8
22	4	7
22	1	6
22	3	5
22	5	4
22	557	2
22	963	1
23	14	5
23	1151	4
23	4	3
23	1	2
23	7	1
24	262	8
24	798	7
24	85	6
24	12	5
24	5	4
24	3	3
24	1	2
24	483	1
25	121	10
25	212	9
25	97	8
25	11	7
25	37	6
25	1	5
25	3	4
25	5	3
25	12	2
25	1067	1
26	307	12
26	96	11
26	4	10
26	50	9
26	9	8
26	2	7
26	7	6
26	28	5
26	6	4
26	1	3
26	5	2
26	46	1
27	798	6
27	247	5
27	13	4
27	1	3
27	4	2
27	2	1
28	251	6
28	28	5
28	13	4
28	2	3
28	1	2
28	3	1
29	211	10
29	420	9
29	146	8
29	9	7
29	28	6
29	1	5
29	6	4
29	12	3
29	5	2
29	483	1
30	601	4
30	146	3
30	19	2
30	1	1
31	94	7
31	49	6
31	2	5
31	28	4
31	4	3
31	3	2
31	1	1
32	752	7
32	1186	5
32	25	4
32	4	3
32	1	2
32	2	1
33	516	10
33	140	9
33	9	8
33	141	7
33	129	6
33	74	5
33	13	4
33	1	3
33	8	2
33	3	1
34	516	6
34	171	5
34	2	4
34	9	3
34	1	2
34	4	1
35	179	5
35	110	4
35	11	3
35	2	2
35	1	1
36	274	6
36	72	5
36	24	4
36	2	3
36	7	2
36	1	1
37	186	7
37	165	6
37	80	5
37	11	4
37	3	3
37	1	2
37	7	1
38	25	6
38	36	5
38	2	4
38	8	3
38	1	2
38	3	1
39	1268	5
39	24	4
39	1040	3
39	2	2
39	1024	1
40	89	4
40	17	3
40	2	2
40	1024	1
41	289	9
41	656	8
41	14	7
41	2	6
41	9	5
41	1	4
41	3	3
41	5	2
41	137	1
42	521	14
42	526	12
42	439	11
42	124	10
42	25	9
42	9	8
42	1	7
42	6	6
42	3	5
42	10	4
42	11	3
42	5	2
42	963	1
43	467	7
43	193	6
43	49	5
43	2	4
43	3	3
43	1	2
43	5	1
44	103	7
44	25	6
44	14	5
44	1	4
44	3	3
44	2	2
44	405	1
45	123	7
45	73	6
45	2	5
45	25	4
45	4	3
45	1	2
45	3	1
46	36	8
46	37	7
46	9	6
46	12	5
46	1	4
46	5	3
46	3	2
46	46	1
47	25	9
47	305	8
47	9	7
47	2	6
47	3	5
47	5	4
47	8	3
47	1	2
47	46	1
48	526	4
48	757	3
48	25	2
48	513	1
49	349	13
49	321	11
49	72	10
49	131	9
49	15	8
49	2	7
49	1	6
49	3	5
49	5	4
49	11	3
49	557	2
49	483	1
50	329	11
50	435	10
50	25	9
50	124	8
50	17	7
50	2	6
50	3	5
50	1	4
50	10	3
50	483	1
51	494	10
51	329	9
51	25	8
51	17	7
51	9	6
51	4	5
51	1	4
51	6	3
51	5	2
51	483	1
52	96	9
52	8	8
52	4	7
52	12	6
52	1	5
52	6	4
52	5	3
53	208	10
53	28	9
53	33	8
53	22	7
53	2	6
53	4	5
53	1	4
53	3	3
53	5	2
53	483	1
54	123	12
54	84	11
54	89	10
54	77	9
54	22	8
54	12	7
54	47	6
54	2	5
54	5	4
54	1	3
55	17	11
55	377	10
55	135	9
55	16	8
55	34	7
55	2	6
55	3	5
55	8	4
55	7	3
55	1	2
55	26	1
56	753	8
56	14	6
56	1339	5
56	36	4
56	17	3
56	8	2
56	1024	1
57	52	8
57	23	7
57	4	6
57	2	5
57	1	4
57	5	3
57	46	2
57	405	1
58	754	9
58	23	8
58	2	7
58	37	6
58	9	5
58	1	4
58	3	3
58	31	2
58	1067	1
59	292	7
59	364	5
59	9	4
59	17	3
59	2	2
59	14	1
60	527	14
60	321	13
60	49	12
60	34	11
60	179	10
60	54	9
60	2	8
60	4	7
60	1	6
60	9	5
60	7	4
60	5	3
60	19	2
60	483	1
61	283	7
61	23	6
61	22	5
61	14	4
61	2	3
61	1	2
61	8	1
62	1268	18
62	452	16
62	94	14
62	105	13
62	131	12
62	36	11
62	18	10
62	2	9
62	6	8
62	1	7
62	13	6
62	5	5
62	46	4
62	557	3
62	405	1
63	1104	5
63	211	4
63	14	3
63	8	2
63	2	1
64	70	6
64	37	5
64	42	4
64	9	3
64	2	2
64	1	1
65	3	9
65	96	8
65	2	7
65	16	6
65	8	5
65	7	4
65	6	3
65	1	2
65	5	1
66	329	14
66	128	13
66	73	12
66	2	11
66	89	10
66	4	9
66	1	8
66	7	7
66	3	6
66	15	5
66	5	4
66	8	3
66	137	2
66	405	1
67	72	10
67	2	9
67	3	8
67	17	7
67	8	6
67	13	5
67	1	4
67	12	3
67	5	2
67	11	1
68	628	9
68	1248	8
68	25	6
68	14	5
68	4	4
68	1	3
68	7	2
68	21	1
69	128	8
69	540	7
69	14	6
69	4	5
69	3	4
69	2	3
69	5	2
69	1	1
70	540	7
70	62	6
70	4	5
70	3	4
70	2	3
70	5	2
70	1	1
71	25	5
71	63	4
71	14	3
71	1	2
71	7	1
72	315	9
72	14	8
72	49	7
72	56	6
72	7	5
72	36	4
72	2	3
72	4	2
72	12	1
73	332	12
73	541	10
73	101	9
73	329	8
73	25	7
73	17	6
73	9	5
73	7	4
73	1	3
73	3	2
73	1067	1
74	364	11
74	576	10
74	122	9
74	329	8
74	25	7
74	2	6
74	1	5
74	3	4
74	4	3
74	5	2
74	963	1
75	168	10
75	36	9
75	23	8
75	7	7
75	2	6
75	1	5
75	3	4
75	963	2
75	557	1
76	667	11
76	25	10
76	257	9
76	9	8
76	24	7
76	2	6
76	7	5
76	5	4
76	3	3
76	1	2
76	483	1
77	315	12
77	25	11
77	187	10
77	170	9
77	7	8
77	20	7
77	4	6
77	1	5
77	11	4
77	5	3
77	483	1
78	589	7
78	138	5
78	18	4
78	2	3
78	1	2
78	1067	1
79	49	11
79	212	10
79	52	9
79	14	8
79	28	7
79	4	6
79	2	5
79	1	4
79	11	3
79	6	2
79	3	1
80	544	8
80	202	7
80	14	6
80	29	5
80	5	4
80	12	3
80	3	2
80	1	1
81	799	6
81	714	5
81	25	4
81	4	3
81	2	2
81	1	1
82	677	14
82	1339	13
82	704	12
82	206	11
82	39	10
82	94	9
82	1	8
82	14	7
82	4	6
82	12	5
82	2	4
82	10	3
82	8	2
82	5	1
83	49	5
83	18	4
83	1	3
83	3	2
83	1067	1
84	294	12
84	24	11
84	344	10
84	36	9
84	17	8
84	9	7
84	4	6
84	1	5
84	3	4
84	8	3
84	26	2
84	46	1
85	184	8
85	7	7
85	9	6
85	24	5
85	36	4
85	2	3
85	4	2
85	1	1
86	755	9
86	790	8
86	179	6
86	171	5
86	9	4
86	17	3
86	1	2
86	3	1
87	572	14
87	2	13
87	315	12
87	25	11
87	7	10
87	4	9
87	17	8
87	1	7
87	3	6
87	10	5
87	13	4
87	5	3
87	405	1
88	548	14
88	613	11
88	163	10
88	615	9
88	553	8
88	164	7
88	42	6
88	7	5
88	6	4
88	1	3
88	2	2
88	405	1
89	315	11
89	757	10
89	793	9
89	52	8
89	42	7
89	1	6
89	2	5
89	6	4
89	8	3
89	3	2
89	5	1
90	124	3
90	8	2
90	2	1
91	252	5
91	179	4
91	25	3
91	7	2
91	1	1
92	329	11
92	36	10
92	37	9
92	9	8
92	32	7
92	2	6
92	1	5
92	7	4
92	4	3
92	3	2
92	405	1
93	635	11
93	572	9
93	68	8
93	9	7
93	36	6
93	14	5
93	1	4
93	4	3
93	18	2
93	3	1
94	329	10
94	84	9
94	438	8
94	24	7
94	35	6
94	6	5
94	5	4
94	1	3
94	3	2
95	101	6
95	29	5
95	37	4
95	1	3
95	4	2
95	2	1
96	637	8
96	465	7
96	146	6
96	14	5
96	2	4
96	1	3
96	3	2
96	5	1
97	187	5
97	14	4
97	17	3
97	1	2
97	7	1
98	638	8
98	315	7
98	25	6
98	9	5
98	36	4
98	6	3
98	1	2
98	2	1
99	962	10
99	25	9
99	32	8
99	33	7
99	14	6
99	6	5
99	2	4
99	1	3
99	4	2
99	46	1
100	1051	12
100	739	11
100	839	10
100	740	9
100	765	8
100	42	7
100	102	6
100	14	5
100	7	4
100	1	3
100	8	2
100	483	1
101	819	10
101	760	9
101	14	8
101	28	7
101	10	6
101	1	5
101	7	4
101	2	3
101	3	2
101	405	1
102	827	4
102	1235	3
102	11	2
102	1024	1
103	761	5
103	96	4
103	8	3
103	1	2
103	1067	1
104	762	11
104	1019	10
104	94	9
104	9	8
104	2	7
104	4	6
104	12	5
104	1	4
104	3	3
104	5	2
104	405	1
105	764	9
105	847	7
105	953	6
105	42	5
105	36	4
105	1	3
105	2	2
105	1067	1
106	552	3
106	1066	2
106	1	1
107	640	10
107	29	8
107	184	7
107	12	6
107	14	5
107	1	4
107	2	3
107	4	2
107	3	1
108	75	6
108	724	5
108	47	4
108	12	3
108	1	2
108	3	1
109	5	3
109	13	2
109	1031	1
110	1387	11
110	1119	10
110	825	9
110	89	8
110	2	7
110	25	6
110	1	5
110	5	4
110	11	3
110	483	1
111	894	7
111	2	6
111	14	5
111	15	4
111	4	3
111	1	2
111	3	1
112	641	16
112	730	14
112	644	13
112	131	12
112	15	11
112	73	10
112	2	9
112	4	8
112	43	7
112	9	6
112	1	5
112	16	4
112	5	3
112	1138	2
112	557	1
113	704	7
113	798	6
113	14	5
113	1104	4
113	1040	3
113	7	2
113	2	1
114	315	15
114	433	14
114	660	13
114	78	12
114	24	11
114	14	10
114	2	9
114	25	8
114	1	7
114	8	6
114	11	5
114	3	4
114	67	3
114	483	2
114	879	1
115	540	8
115	625	7
115	34	6
115	1	5
115	4	4
115	3	3
115	5	2
115	8	1
116	272	10
116	123	9
116	1	8
116	28	7
116	4	6
116	2	5
116	180	4
116	3	3
116	405	2
117	927	9
117	122	8
117	44	7
117	36	6
117	2	5
117	1	4
117	3	3
117	963	1
118	229	10
118	230	9
118	141	8
118	36	7
118	1	6
118	2	5
118	4	4
118	3	3
118	26	2
118	405	1
119	928	9
119	897	8
119	58	7
119	36	6
119	7	5
119	8	4
119	1	3
119	6	2
119	483	1
120	769	12
120	887	10
120	765	9
120	826	8
120	739	7
120	740	6
120	18	5
120	14	4
120	6	3
120	1	2
120	2	1
121	769	7
121	826	6
121	36	5
121	29	4
121	1	3
121	3	2
121	2	1
122	1068	10
122	442	9
122	202	8
122	28	7
122	1	6
122	4	5
122	2	4
122	3	3
122	5	2
122	557	1
123	49	7
123	28	6
123	2	5
123	4	4
123	7	3
123	1	2
123	5	1
124	569	13
124	73	12
124	9	11
124	28	10
124	14	9
124	1	8
124	2	7
124	10	6
124	13	5
124	3	4
124	8	3
124	5	2
124	1138	1
125	173	5
125	7	4
125	1	3
125	3	2
125	2	1
126	1288	5
126	773	4
126	1082	2
126	2	1
127	869	9
127	1375	8
127	72	7
127	5	6
127	23	5
127	2	4
127	3	3
127	1	2
127	7	1
128	1246	7
128	945	6
128	328	5
128	14	4
128	2	3
128	4	2
128	1	1
129	73	10
129	314	9
129	94	8
129	28	7
129	2	6
129	3	5
129	9	4
129	1	3
129	5	2
129	11	1
130	29	9
130	5	8
130	14	7
130	31	6
130	4	5
130	3	4
130	1	3
130	483	1
131	928	10
131	950	9
131	1019	8
131	69	7
131	16	6
131	9	5
131	6	4
131	1	3
131	4	2
131	3	1
132	1052	3
132	1024	2
132	1	1
133	1028	3
133	1024	2
133	1	1
134	866	9
134	739	8
134	49	7
134	1	6
134	2	5
134	7	4
134	3	3
134	1067	2
134	483	1
135	1016	9
135	739	8
135	760	7
135	25	6
135	1	5
135	3	4
135	2	3
135	21	2
136	140	9
136	304	8
136	89	7
136	14	6
136	3	5
136	1	4
136	2	3
136	21	2
137	952	18
137	934	13
137	202	12
137	826	11
137	112	10
137	44	9
137	14	8
137	42	7
137	12	6
137	1	5
137	6	4
137	3	3
137	5	2
137	26	1
138	764	9
138	658	8
138	129	7
138	44	6
138	2	5
138	9	4
138	1	3
138	3	2
139	826	11
139	764	10
139	129	9
139	53	8
139	15	7
139	2	6
139	1	5
139	3	4
139	5	3
139	557	1
140	954	6
140	1038	5
140	31	4
140	12	3
140	3	2
140	1	1
141	1043	6
141	117	5
141	14	4
141	4	3
141	3	2
141	1	1
142	329	5
142	173	4
142	53	3
142	14	2
142	3	1
143	1043	8
143	329	7
143	117	6
143	6	5
143	4	4
143	3	3
143	1	2
143	21	1
144	786	10
144	110	9
144	72	8
144	14	7
144	25	6
144	15	5
144	9	4
144	3	3
144	1	2
144	8	1
145	1051	11
145	827	10
145	329	9
145	47	8
145	17	7
145	14	6
145	1	5
145	4	4
145	3	3
145	21	2
145	46	1
146	928	7
146	730	6
146	30	5
146	14	4
146	13	3
146	1	2
146	3	1
147	956	12
147	1050	9
147	889	8
147	422	7
147	36	6
147	14	5
147	3	4
147	5	3
147	1	2
147	557	1
148	956	7
148	826	6
148	739	5
148	435	4
148	25	3
148	1	2
148	3	1
149	826	7
149	432	6
149	49	5
149	14	4
149	10	3
149	2	2
149	1	1
150	1062	7
150	696	6
150	14	5
150	7	4
150	9	3
150	8	2
150	1	1
151	101	8
151	14	7
151	54	6
151	1	5
151	3	4
151	2	3
151	7	2
151	483	1
152	94	9
152	36	8
152	39	7
152	11	6
152	1	5
152	3	4
152	12	3
152	5	2
152	405	1
153	1063	5
153	329	4
153	13	3
153	3	2
153	1	1
154	1088	9
154	111	6
154	14	5
154	32	4
154	13	3
154	3	2
154	1	1
155	804	4
155	1101	3
155	553	2
155	1028	1
156	262	4
156	12	3
156	8	2
156	1	1
157	160	14
157	94	13
157	44	12
157	25	11
157	2	10
157	1	9
157	9	8
157	4	7
157	6	6
157	10	5
157	3	4
157	8	3
157	5	2
157	26	1
158	14	5
158	25	4
158	12	3
158	3	2
158	1	1
159	1066	7
159	272	6
159	25	5
159	36	4
159	13	3
159	2	2
159	1	1
160	830	15
160	889	14
160	739	13
160	658	12
160	329	11
160	262	10
160	198	9
160	14	8
160	29	7
160	13	6
160	9	5
160	2	4
160	5	3
160	1	2
160	8	1
161	1386	17
161	49	15
161	54	14
161	165	13
161	50	12
161	16	11
161	6	10
161	17	9
161	4	8
161	2	7
161	7	6
161	1	5
161	8	4
161	5	3
161	26	2
161	46	1
162	72	14
162	49	13
162	94	12
162	16	11
162	17	10
162	4	9
162	6	8
162	9	7
162	3	6
162	2	5
162	1	4
162	10	3
162	137	2
162	26	1
163	232	11
163	124	9
163	27	8
163	9	7
163	20	6
163	14	5
163	1	4
163	4	3
163	3	2
163	483	1
164	311	5
164	316	4
164	9	3
164	2	2
164	1	1
165	504	9
165	71	8
165	72	7
165	49	6
165	7	5
165	2	4
165	6	3
165	5	2
165	1	1
166	504	10
166	209	8
166	55	7
166	7	6
166	2	5
166	3	4
166	1	3
166	5	2
166	13	1
167	553	8
167	82	7
167	14	6
167	28	5
167	12	4
167	2	3
167	1	2
167	7	1
168	118	11
168	117	10
168	4	9
168	34	8
168	9	7
168	1	6
168	5	5
168	12	4
168	8	3
168	1138	2
168	879	1
169	985	12
169	157	11
169	4	10
169	14	9
169	15	8
169	6	7
169	1	6
169	2	5
169	3	4
169	10	3
169	8	2
169	879	1
170	315	8
170	139	7
170	62	6
170	7	5
170	2	4
170	1	3
170	6	2
170	3	1
171	140	12
171	794	11
171	244	10
171	179	9
171	9	8
171	14	7
171	4	6
171	25	5
171	2	4
171	1	3
171	6	2
171	12	1
172	320	8
172	1235	7
172	72	6
172	23	5
172	4	4
172	1	3
172	8	2
172	5	1
173	451	8
173	367	7
173	50	6
173	13	5
173	14	4
173	3	3
173	1	2
173	2	1
174	35	7
174	160	6
174	37	5
174	8	4
174	2	3
174	1	2
174	4	1
175	1080	5
175	9	4
175	7	3
175	19	2
175	1	1
176	767	7
176	72	6
176	6	5
176	12	4
176	5	3
176	4	2
176	8	1
177	138	5
177	185	4
177	36	3
177	2	2
177	1	1
178	73	6
178	43	5
178	2	4
178	17	3
178	1	2
178	8	1
179	49	18
179	73	16
179	122	15
179	212	14
179	52	13
179	14	12
179	25	11
179	15	10
179	2	9
179	20	8
179	1	7
179	7	6
179	5	5
179	3	4
179	254	3
179	1138	2
179	483	1
180	548	7
180	616	5
180	163	4
180	85	3
180	6	2
180	1	1
181	997	5
181	97	4
181	7	3
181	1	2
181	3	1
182	685	12
182	634	11
182	193	9
182	701	8
182	165	7
182	14	6
182	35	5
182	9	4
182	7	3
182	1	2
182	3	1
183	199	6
183	272	5
183	2	4
183	14	3
183	10	2
183	4	1
184	262	1
185	856	4
185	390	3
185	15	2
185	1	1
186	1239	6
186	229	5
186	49	4
186	2	3
186	1	2
186	3	1
187	763	11
187	839	10
187	827	9
187	658	8
187	123	7
187	44	6
187	2	5
187	10	4
187	1	3
187	5	2
187	557	1
188	640	10
188	186	9
188	123	8
188	14	7
188	10	6
188	1	5
188	7	4
188	6	3
188	26	2
188	3	1
189	767	7
189	246	6
189	60	5
189	6	4
189	2	3
189	1	2
189	3	1
190	390	11
190	14	10
190	15	9
190	25	8
190	36	7
190	49	6
190	8	5
190	2	4
190	1	3
190	11	2
190	3	1
191	894	7
191	15	6
191	52	5
191	2	4
191	5	3
191	1	2
191	11	1
192	641	4
192	647	3
192	128	2
192	1	1
193	730	5
193	422	4
193	1088	3
193	1029	2
193	1024	1
194	744	13
194	642	12
194	740	11
194	739	10
194	741	9
194	627	8
194	72	7
194	23	6
194	6	5
194	2	4
194	1	3
194	483	2
194	963	1
195	1122	12
195	627	11
195	266	10
195	44	9
195	6	8
195	4	7
195	1	6
195	2	5
195	8	4
195	963	2
195	483	1
196	342	10
196	1	9
196	14	8
196	2	7
196	4	6
196	3	5
196	5	4
196	8	3
196	41	2
196	1067	1
197	723	6
197	6	4
197	42	3
197	13	2
197	1	1
198	798	9
198	179	8
198	96	7
198	2	6
198	8	5
198	1	4
198	3	3
198	963	1
199	1059	8
199	739	7
199	94	6
199	122	5
199	14	4
199	2	3
199	4	2
199	1	1
200	1053	8
200	370	7
200	72	6
200	24	5
200	12	4
200	25	3
200	2	2
200	1	1
201	625	10
201	401	8
201	329	7
201	24	6
201	2	5
201	3	4
201	5	3
201	1	2
201	963	1
202	1310	10
202	1285	8
202	232	6
202	36	5
202	14	4
202	20	3
202	3	2
202	2	1
203	927	9
203	49	7
203	54	6
203	14	5
203	3	4
203	1	3
203	2	2
203	7	1
204	147	5
204	85	4
204	14	3
204	2	2
204	1	1
205	131	8
205	72	7
205	49	6
205	2	5
205	4	4
205	8	3
205	3	2
205	5	1
206	1290	15
206	567	10
206	315	9
206	63	8
206	40	7
206	6	6
206	8	5
206	4	4
206	1	3
206	2	2
206	5	1
207	89	4
207	1040	3
207	1024	2
207	6	1
208	163	16
208	1344	11
208	44	10
208	77	9
208	32	8
208	5	7
208	1	6
208	2	5
209	798	11
209	89	10
209	45	9
209	7	8
209	4	7
209	11	6
209	2	5
209	3	4
209	1	3
209	5	2
209	26	1
210	1172	11
210	827	9
210	743	8
210	739	7
210	14	6
210	44	5
210	2	4
210	3	3
210	1	2
210	557	1
211	739	7
211	741	6
211	234	5
211	12	4
211	3	3
211	4	2
211	1	1
212	1177	8
212	838	6
212	658	5
212	29	4
212	7	3
212	1	2
212	3	1
213	1173	9
213	769	8
213	105	7
213	23	6
213	7	5
213	1	4
213	2	3
213	3	2
213	483	1
214	1294	7
214	1154	6
214	14	5
214	15	4
214	30	3
214	2	2
214	1	1
215	535	12
215	25	11
215	85	10
215	2	9
215	27	8
215	33	7
215	9	6
215	1	5
215	13	4
215	5	3
215	8	2
215	963	1
216	1274	9
216	49	8
216	25	7
216	56	6
216	14	5
216	2	4
216	1	3
216	3	2
216	6	1
217	329	8
217	36	7
217	2	6
217	25	5
217	4	4
217	9	3
217	1	2
217	3	1
218	36	7
218	77	6
218	35	5
218	2	4
218	4	3
218	1	2
218	557	1
219	329	10
219	25	9
219	24	8
219	7	7
219	14	6
219	2	5
219	1	4
219	10	3
219	13	2
219	963	1
220	1375	11
220	458	10
220	292	9
220	191	8
220	9	7
220	4	6
220	2	5
220	3	4
220	6	3
220	1	2
220	5	1
221	458	10
221	49	9
221	54	8
221	35	7
221	3	6
221	1	5
221	11	4
221	7	3
221	5	2
221	12	1
222	419	5
222	2	4
222	4	3
222	3	2
222	1	1
223	1399	6
223	1119	5
223	1034	4
223	538	3
223	1024	2
223	1026	1
224	315	11
224	317	10
224	36	9
224	6	8
224	2	7
224	7	6
224	1	5
224	3	4
224	5	3
224	320	2
224	879	1
225	1188	8
225	798	7
225	70	6
225	173	5
225	35	4
225	9	3
225	7	2
225	1	1
